<?xml version="1.0"?>

<KARMA ka_file_version="1.0">
	<ASSET id="Archvile" graphic="ArchvileMesh.psk" scale="0.02" mass_scale="1" length_scale="1">
		<GEOMETRY id="chest">
			<PRIMITIVE id="chest_1" type="sphere">
				<RADIUS>0.1872092</RADIUS>
				<TM>1,0,0,0,0,1,0,0,0,0,1,0,3.242493e-007,0.02532379,0.003716659,1</TM>
			</PRIMITIVE>
		</GEOMETRY>
		<GEOMETRY id="hips">
			<PRIMITIVE id="hips_1" type="sphyl">
				<RADIUS>0.15</RADIUS>
				<HEIGHT>0.2</HEIGHT>
				<TM>0.9999999,0,0,0,0,0,0.9999999,0,0,-0.9999999,0,0,0,-0.09999999,0,1</TM>
			</PRIMITIVE>
		</GEOMETRY>
		<GEOMETRY id="lankle_r">
			<PRIMITIVE id="lankle_r_1" type="sphyl">
				<RADIUS>0.08388738</RADIUS>
				<HEIGHT>0.1857395</HEIGHT>
				<TM>-0.1566853,4.153482e-008,-0.9876485,0,0.9876485,6.785584e-008,-0.1566853,0,1.510049e-007,-0.9999999,-1.201027e-007,0,1.399194e-008,-0.09286973,-9.013537e-009,1</TM>
			</PRIMITIVE>
		</GEOMETRY>
		<GEOMETRY id="lshldr">
			<PRIMITIVE id="lshldr_1" type="sphyl">
				<RADIUS>0.05640219</RADIUS>
				<HEIGHT>0.1205037</HEIGHT>
				<TM>-0.09387089,0.003309352,-0.9955789,0,0.9955845,0.0003110797,-0.09387039,0,-9.488529e-007,-0.9999945,-0.003323943,0,-5.024358e-008,-0.06025153,-0.0002002942,1</TM>
			</PRIMITIVE>
		</GEOMETRY>
		<GEOMETRY id="luparm">
			<PRIMITIVE id="luparm_1" type="sphyl">
				<RADIUS>0.07665345</RADIUS>
				<HEIGHT>0.3015207</HEIGHT>
				<TM>-0.03285589,-0.04091223,-0.9986225,0,0.9890241,-0.1453438,-0.02658557,0,-0.1440559,-0.988535,0.04523856,0,-0.02171792,-0.149032,0.006820088,1</TM>
			</PRIMITIVE>
		</GEOMETRY>
		<GEOMETRY id="lupleg">
			<PRIMITIVE id="lupleg_1" type="sphyl">
				<RADIUS>0.1392511</RADIUS>
				<HEIGHT>0.4929065</HEIGHT>
				<TM>0.589565,-9.068066e-008,-0.807721,0,0.807721,3.517205e-007,0.589565,0,2.165346e-007,-1,3.073539e-007,0,5.222048e-008,-0.2464533,5.891001e-008,1</TM>
			</PRIMITIVE>
		</GEOMETRY>
		<GEOMETRY id="neck">
			<PRIMITIVE id="neck_1" type="sphere">
				<RADIUS>0.17</RADIUS>
				<TM>1,0,0,0,0,1,0,0,0,0,1,0,0,-0.2,0,1</TM>
			</PRIMITIVE>
		</GEOMETRY>
		<GEOMETRY id="rankle_r">
			<PRIMITIVE id="rankle_r_1" type="sphyl">
				<RADIUS>0.08388723</RADIUS>
				<HEIGHT>0.1857393</HEIGHT>
				<TM>0.1573815,-5.219415e-007,-0.987538,0,0.9875379,2.819606e-007,0.1573816,0,2.875052e-007,-1,6.768784e-007,0,3.793118e-008,-0.09286965,6.364154e-008,1</TM>
			</PRIMITIVE>
		</GEOMETRY>
		<GEOMETRY id="rloarm">
			<PRIMITIVE id="rloarm_1" type="sphyl">
				<RADIUS>0.1</RADIUS>
				<HEIGHT>0.315941</HEIGHT>
				<TM>0.143084,-0.002288465,0.989708,0,-0.9872283,0.07045129,0.1428883,0,-0.07005325,-0.9975128,0.007821253,0,-0.01807166,-0.2573287,0.00201765,1</TM>
			</PRIMITIVE>
		</GEOMETRY>
		<GEOMETRY id="rloleg">
			<PRIMITIVE id="rloleg_1" type="sphyl">
				<RADIUS>0.1</RADIUS>
				<HEIGHT>0.4</HEIGHT>
				<TM>0.9999999,7.961466e-008,6.887754e-016,0,0,0,-0.9999999,0,-7.961466e-008,0.9999999,0,0,8.630369e-005,-0.2926175,-1.572616e-010,1</TM>
			</PRIMITIVE>
		</GEOMETRY>
		<GEOMETRY id="rot">
			<PRIMITIVE id="rot" type="sphere">
				<RADIUS>0.1</RADIUS>
				<TM>1,0,0,0,0,1,0,0,0,0,1,0,0,0,1.225,1</TM>
			</PRIMITIVE>
		</GEOMETRY>
		<GEOMETRY id="rshldr">
			<PRIMITIVE id="rshldr_1" type="sphyl">
				<RADIUS>0.05557179</RADIUS>
				<HEIGHT>0.1069675</HEIGHT>
				<TM>-0.09381504,0.009303356,0.9955462,0,-0.9955897,-0.000927793,-0.09381056,0,5.090337e-005,-0.9999564,0.009349326,0,2.726845e-006,-0.0534814,0.0004999808,1</TM>
			</PRIMITIVE>
		</GEOMETRY>
		<GEOMETRY id="ruparm">
			<PRIMITIVE id="ruparm_1" type="sphyl">
				<RADIUS>0.07640733</RADIUS>
				<HEIGHT>0.3104338</HEIGHT>
				<TM>-0.05753961,0.0550678,0.9968234,0,-0.9888206,-0.140724,-0.04930366,0,0.1375619,-0.9885163,0.06254943,0,0.02135193,-0.1534344,0.009708674,1</TM>
			</PRIMITIVE>
		</GEOMETRY>
		<GEOMETRY id="rupleg">
			<PRIMITIVE id="rupleg_1" type="sphyl">
				<RADIUS>0.1226365</RADIUS>
				<HEIGHT>0.492907</HEIGHT>
				<TM>0.5884994,2.355177e-007,0.8084978,0,-0.8084977,8.276624e-008,0.5884994,0,9.163418e-008,-1,2.5973e-007,0,1.782811e-008,-0.2464535,5.01976e-008,1</TM>
			</PRIMITIVE>
		</GEOMETRY>
		<GEOMETRY id="rwrist">
			<PRIMITIVE id="Part16" type="sphere">
				<RADIUS>0.175</RADIUS>
				<TM>1,0,0,0,0,1,0,0,0,0,1,0,0,-0.225,-0.025,1</TM>
			</PRIMITIVE>
		</GEOMETRY>
		<MODEL id="body" type="dynamics_only">
			<DYNAMICS>
				<MASS>1</MASS>
				<DENSITY>1</DENSITY>
				<MASS_OFFSET>0,0,0</MASS_OFFSET>
				<INERTIA>0.4,0,0,0.4,0,0.4</INERTIA>
				<LIN_DAMP>0</LIN_DAMP>
				<ANG_DAMP>0</ANG_DAMP>
				<FAST_SPIN>0,1,0</FAST_SPIN>
				<USE_FAST_SPIN>0</USE_FAST_SPIN>
			</DYNAMICS>
		</MODEL>
		<MODEL id="chest" type="dynamics_and_geometry" geometry="chest">
			<DYNAMICS>
				<MASS>0.02748339</MASS>
				<DENSITY>1</DENSITY>
				<MASS_OFFSET>3.242493e-007,0.02532379,0.003716659</MASS_OFFSET>
				<INERTIA>0.0003852872,0,0,0.0003852872,0,0.0003852872</INERTIA>
				<LIN_DAMP>0</LIN_DAMP>
				<ANG_DAMP>0</ANG_DAMP>
				<FAST_SPIN>0,1,0</FAST_SPIN>
				<USE_FAST_SPIN>0</USE_FAST_SPIN>
			</DYNAMICS>
		</MODEL>
		<MODEL id="hips" type="dynamics_only" geometry="hips">
			<DYNAMICS>
				<MASS>0.02836241</MASS>
				<DENSITY>1</DENSITY>
				<MASS_OFFSET>0,-0.09999999,0</MASS_OFFSET>
				<INERTIA>0.0005400638,0,0,0.0003190771,0,0.0005400637</INERTIA>
				<LIN_DAMP>0</LIN_DAMP>
				<ANG_DAMP>0</ANG_DAMP>
				<FAST_SPIN>0,1,0</FAST_SPIN>
				<USE_FAST_SPIN>0</USE_FAST_SPIN>
			</DYNAMICS>
		</MODEL>
		<MODEL id="lankle_r" type="dynamics_and_geometry" geometry="lankle_r">
			<DYNAMICS>
				<MASS>0.006594415</MASS>
				<DENSITY>1</DENSITY>
				<MASS_OFFSET>1.399194e-008,-0.09286973,-9.013537e-009</MASS_OFFSET>
				<INERTIA>6.049601e-005,1.568738e-013,-4.208074e-019,2.320275e-005,-3.381369e-013,6.049602e-005</INERTIA>
				<LIN_DAMP>0</LIN_DAMP>
				<ANG_DAMP>0</ANG_DAMP>
				<FAST_SPIN>0,1,0</FAST_SPIN>
				<USE_FAST_SPIN>0</USE_FAST_SPIN>
			</DYNAMICS>
		</MODEL>
		<MODEL id="lloarm" type="dynamics_and_geometry" geometry="rloarm">
			<DYNAMICS>
				<MASS>0.01414047</MASS>
				<DENSITY>1</DENSITY>
				<MASS_OFFSET>-0.01807166,-0.2573287,0.00201765</MASS_OFFSET>
				<INERTIA>0.0002730849,-1.421202e-005,1.114654e-007,7.171289e-005,1.586722e-006,0.0002740705</INERTIA>
				<LIN_DAMP>0</LIN_DAMP>
				<ANG_DAMP>0</ANG_DAMP>
				<FAST_SPIN>0,1,0</FAST_SPIN>
				<USE_FAST_SPIN>0</USE_FAST_SPIN>
			</DYNAMICS>
		</MODEL>
		<MODEL id="lloleg" type="dynamics_and_geometry" geometry="rloleg">
			<DYNAMICS>
				<MASS>0.01678126</MASS>
				<DENSITY>1</DENSITY>
				<MASS_OFFSET>8.630369e-005,-0.2926175,-1.572616e-010</MASS_OFFSET>
				<INERTIA>0.0004409711,2.842759e-011,3.0373e-019,8.390628e-005,2.418137e-026,0.0004409711</INERTIA>
				<LIN_DAMP>0</LIN_DAMP>
				<ANG_DAMP>0</ANG_DAMP>
				<FAST_SPIN>0,1,0</FAST_SPIN>
				<USE_FAST_SPIN>0</USE_FAST_SPIN>
			</DYNAMICS>
		</MODEL>
		<MODEL id="lshldr" type="dynamics_only" geometry="lshldr">
			<DYNAMICS>
				<MASS>0.001960586</MASS>
				<DENSITY>1</DENSITY>
				<MASS_OFFSET>-5.024358e-008,-0.06025153,-0.0002002942</MASS_OFFSET>
				<INERTIA>7.846968e-006,-4.462003e-012,-1.591949e-013,3.118567e-006,-1.5717e-008,7.846915e-006</INERTIA>
				<LIN_DAMP>0</LIN_DAMP>
				<ANG_DAMP>0</ANG_DAMP>
				<FAST_SPIN>0,1,0</FAST_SPIN>
				<USE_FAST_SPIN>0</USE_FAST_SPIN>
			</DYNAMICS>
		</MODEL>
		<MODEL id="luparm" type="dynamics_and_geometry" geometry="luparm">
			<DYNAMICS>
				<MASS>0.007464207</MASS>
				<DENSITY>1</DENSITY>
				<MASS_OFFSET>-0.02171792,-0.149032,0.006820088</MASS_OFFSET>
				<INERTIA>0.0001107866,-1.292187e-005,5.913445e-007,2.399768e-005,4.057919e-006,0.000112484</INERTIA>
				<LIN_DAMP>0</LIN_DAMP>
				<ANG_DAMP>0</ANG_DAMP>
				<FAST_SPIN>0,1,0</FAST_SPIN>
				<USE_FAST_SPIN>0</USE_FAST_SPIN>
			</DYNAMICS>
		</MODEL>
		<MODEL id="lupleg" type="dynamics_and_geometry" geometry="lupleg">
			<DYNAMICS>
				<MASS>0.04140802</MASS>
				<DENSITY>1</DENSITY>
				<MASS_OFFSET>5.222048e-008,-0.2464533,5.891001e-008</MASS_OFFSET>
				<INERTIA>0.001795063,3.270633e-010,2.671885e-017,0.0004014687,3.803138e-010,0.001795063</INERTIA>
				<LIN_DAMP>0</LIN_DAMP>
				<ANG_DAMP>0</ANG_DAMP>
				<FAST_SPIN>0,1,0</FAST_SPIN>
				<USE_FAST_SPIN>0</USE_FAST_SPIN>
			</DYNAMICS>
		</MODEL>
		<MODEL id="lwrist" type="dynamics_and_geometry" geometry="rwrist">
			<DYNAMICS>
				<MASS>0.0224493</MASS>
				<DENSITY>1</DENSITY>
				<MASS_OFFSET>0,-0.225,-0.025</MASS_OFFSET>
				<INERTIA>0.0002750039,0,0,0.0002750039,0,0.0002750039</INERTIA>
				<LIN_DAMP>0</LIN_DAMP>
				<ANG_DAMP>0</ANG_DAMP>
				<FAST_SPIN>0,1,0</FAST_SPIN>
				<USE_FAST_SPIN>0</USE_FAST_SPIN>
			</DYNAMICS>
		</MODEL>
		<MODEL id="neck" type="dynamics_and_geometry" geometry="neck">
			<DYNAMICS>
				<MASS>0.02057953</MASS>
				<DENSITY>1</DENSITY>
				<MASS_OFFSET>0,-0.2,0</MASS_OFFSET>
				<INERTIA>0.0002378994,0,0,0.0002378994,0,0.0002378994</INERTIA>
				<LIN_DAMP>0</LIN_DAMP>
				<ANG_DAMP>0</ANG_DAMP>
				<FAST_SPIN>0,1,0</FAST_SPIN>
				<USE_FAST_SPIN>0</USE_FAST_SPIN>
			</DYNAMICS>
		</MODEL>
		<MODEL id="origin" type="dynamics_only">
			<DYNAMICS>
				<MASS>1</MASS>
				<DENSITY>1</DENSITY>
				<MASS_OFFSET>0,0,0</MASS_OFFSET>
				<INERTIA>0.4,0,0,0.4,0,0.4</INERTIA>
				<LIN_DAMP>0</LIN_DAMP>
				<ANG_DAMP>0</ANG_DAMP>
				<FAST_SPIN>0,1,0</FAST_SPIN>
				<USE_FAST_SPIN>0</USE_FAST_SPIN>
			</DYNAMICS>
		</MODEL>
		<MODEL id="rankle_r" type="dynamics_and_geometry" geometry="rankle_r">
			<DYNAMICS>
				<MASS>0.006594381</MASS>
				<DENSITY>1</DENSITY>
				<MASS_OFFSET>3.793118e-008,-0.09286965,6.364154e-008</MASS_OFFSET>
				<INERTIA>6.049554e-005,5.204591e-012,4.773834e-012,2.320255e-005,1.816084e-011,6.049554e-005</INERTIA>
				<LIN_DAMP>0</LIN_DAMP>
				<ANG_DAMP>0</ANG_DAMP>
				<FAST_SPIN>0,1,0</FAST_SPIN>
				<USE_FAST_SPIN>0</USE_FAST_SPIN>
			</DYNAMICS>
		</MODEL>
		<MODEL id="rloarm" type="dynamics_and_geometry" geometry="rloarm">
			<DYNAMICS>
				<MASS>0.01414047</MASS>
				<DENSITY>1</DENSITY>
				<MASS_OFFSET>-0.01807166,-0.2573287,0.00201765</MASS_OFFSET>
				<INERTIA>0.0002730849,-1.421202e-005,1.114654e-007,7.171289e-005,1.586722e-006,0.0002740705</INERTIA>
				<LIN_DAMP>0</LIN_DAMP>
				<ANG_DAMP>0</ANG_DAMP>
				<FAST_SPIN>0,1,0</FAST_SPIN>
				<USE_FAST_SPIN>0</USE_FAST_SPIN>
			</DYNAMICS>
		</MODEL>
		<MODEL id="rloleg" type="dynamics_and_geometry" geometry="rloleg">
			<DYNAMICS>
				<MASS>0.01678126</MASS>
				<DENSITY>1</DENSITY>
				<MASS_OFFSET>8.630369e-005,-0.2926175,-1.572616e-010</MASS_OFFSET>
				<INERTIA>0.0004409711,2.842759e-011,3.0373e-019,8.390628e-005,2.418137e-026,0.0004409711</INERTIA>
				<LIN_DAMP>0</LIN_DAMP>
				<ANG_DAMP>0</ANG_DAMP>
				<FAST_SPIN>0,1,0</FAST_SPIN>
				<USE_FAST_SPIN>0</USE_FAST_SPIN>
			</DYNAMICS>
		</MODEL>
		<MODEL id="rot" type="dynamics_only" geometry="rot">
			<DYNAMICS>
				<MASS>0.00418879</MASS>
				<DENSITY>1</DENSITY>
				<MASS_OFFSET>0,0,1.225</MASS_OFFSET>
				<INERTIA>1.675516e-005,0,0,1.675516e-005,0,1.675516e-005</INERTIA>
				<LIN_DAMP>0</LIN_DAMP>
				<ANG_DAMP>0</ANG_DAMP>
				<FAST_SPIN>0,1,0</FAST_SPIN>
				<USE_FAST_SPIN>0</USE_FAST_SPIN>
			</DYNAMICS>
		</MODEL>
		<MODEL id="rshldr" type="dynamics_only" geometry="rshldr">
			<DYNAMICS>
				<MASS>0.001761143</MASS>
				<DENSITY>1</DENSITY>
				<MASS_OFFSET>2.726845e-006,-0.0534814,0.0004999808</MASS_OFFSET>
				<INERTIA>6.195694e-006,1.769797e-010,-1.116157e-012,2.719708e-006,3.24998e-008,6.195391e-006</INERTIA>
				<LIN_DAMP>0</LIN_DAMP>
				<ANG_DAMP>0</ANG_DAMP>
				<FAST_SPIN>0,1,0</FAST_SPIN>
				<USE_FAST_SPIN>0</USE_FAST_SPIN>
			</DYNAMICS>
		</MODEL>
		<MODEL id="ruparm" type="dynamics_and_geometry" geometry="ruparm">
			<DYNAMICS>
				<MASS>0.007573769</MASS>
				<DENSITY>1</DENSITY>
				<MASS_OFFSET>0.02135193,-0.1534344,0.009708674</MASS_OFFSET>
				<INERTIA>0.0001168521,1.313199e-005,-8.309331e-007,2.431341e-005,5.971113e-006,0.0001183017</INERTIA>
				<LIN_DAMP>0</LIN_DAMP>
				<ANG_DAMP>0</ANG_DAMP>
				<FAST_SPIN>0,1,0</FAST_SPIN>
				<USE_FAST_SPIN>0</USE_FAST_SPIN>
			</DYNAMICS>
		</MODEL>
		<MODEL id="rupleg" type="dynamics_and_geometry" geometry="rupleg">
			<DYNAMICS>
				<MASS>0.0310632</MASS>
				<DENSITY>1</DENSITY>
				<MASS_OFFSET>1.782811e-008,-0.2464535,5.01976e-008</MASS_OFFSET>
				<INERTIA>0.001235663,6.717445e-011,4.334371e-011,0.0002335908,2.348053e-010,0.001235663</INERTIA>
				<LIN_DAMP>0</LIN_DAMP>
				<ANG_DAMP>0</ANG_DAMP>
				<FAST_SPIN>0,1,0</FAST_SPIN>
				<USE_FAST_SPIN>0</USE_FAST_SPIN>
			</DYNAMICS>
		</MODEL>
		<MODEL id="rwrist" type="dynamics_and_geometry" geometry="rwrist">
			<DYNAMICS>
				<MASS>0.0224493</MASS>
				<DENSITY>1</DENSITY>
				<MASS_OFFSET>0,-0.225,-0.025</MASS_OFFSET>
				<INERTIA>0.0002750039,0,0,0.0002750039,0,0.0002750039</INERTIA>
				<LIN_DAMP>0</LIN_DAMP>
				<ANG_DAMP>0</ANG_DAMP>
				<FAST_SPIN>0,1,0</FAST_SPIN>
				<USE_FAST_SPIN>0</USE_FAST_SPIN>
			</DYNAMICS>
		</MODEL>
		<MODEL id="shldrs" type="dynamics_only">
			<DYNAMICS>
				<MASS>1</MASS>
				<DENSITY>1</DENSITY>
				<MASS_OFFSET>0,0,0</MASS_OFFSET>
				<INERTIA>0.4,0,0,0.4,0,0.4</INERTIA>
				<LIN_DAMP>0</LIN_DAMP>
				<ANG_DAMP>0</ANG_DAMP>
				<FAST_SPIN>0,1,0</FAST_SPIN>
				<USE_FAST_SPIN>0</USE_FAST_SPIN>
			</DYNAMICS>
		</MODEL>
		<MODEL id="waist" type="dynamics_only">
			<DYNAMICS>
				<MASS>1</MASS>
				<DENSITY>1</DENSITY>
				<MASS_OFFSET>0,0,0</MASS_OFFSET>
				<INERTIA>0.4,0,0,0.4,0,0.4</INERTIA>
				<LIN_DAMP>0</LIN_DAMP>
				<ANG_DAMP>0</ANG_DAMP>
				<FAST_SPIN>0,1,0</FAST_SPIN>
				<USE_FAST_SPIN>0</USE_FAST_SPIN>
			</DYNAMICS>
		</MODEL>
		<PART id="body" model="body" parent="origin">
			<TM>-0.0001911673,2.49665e-005,-1,0,-0.24891,-0.9685266,2.340273e-005,0,-0.9685266,0.24891,0.000191365,0,-0.04260574,1.271644,-8.555108e-008,1</TM>
		</PART>
		<PART id="chest" model="chest" parent="waist">
			<TM>-0.0001910752,2.487098e-005,-1,0,0.1272905,-0.9918655,-4.899073e-005,0,-0.9918655,-0.1272905,0.0001863551,0,0.002853657,1.482578,-3.227408e-006,1</TM>
		</PART>
		<PART id="hips" model="hips" parent="body">
			<TM>0.0006583891,-0.0001067742,0.9999998,0,-0.09718446,-0.9952664,-4.228359e-005,0,0.9952661,-0.09718441,-0.0006656494,0,-0.03050771,1.201805,-5.863562e-005,1</TM>
		</PART>
		<PART id="lankle_r" model="lankle_r" parent="lloleg">
			<TM>0.2410502,0.0001027374,-0.9705126,0,-0.747008,0.6384199,-0.1854698,0,0.6195756,0.7696882,0.153968,0,-0.05214846,0.1185517,0.2489154,1</TM>
		</PART>
		<PART id="lloarm" model="lloarm" parent="luparm">
			<TM>0.9285434,0.0133608,-0.3709834,0,-0.3333503,0.4697684,-0.8174321,0,0.1633547,0.8826886,0.4406542,0,-0.04087399,1.4462,0.4551807,1</TM>
		</PART>
		<PART id="lloleg" model="lloleg" parent="lupleg">
			<TM>0.7855268,0.001704587,0.6188253,0,0.1183551,0.9811224,-0.1529406,0,-0.6074041,0.19338,0.7704962,0,0.0120624,0.6508379,0.1659407,1</TM>
		</PART>
		<PART id="lshldr" model="lshldr" parent="shldrs">
			<TM>0.9955433,0.09430542,-0.0001876652,0,0.009377765,-0.1009769,-0.9948446,0,-0.09383819,0.9904091,-0.1014113,0,0.01272743,1.58489,0.07929178,1</TM>
		</PART>
		<PART id="luparm" model="luparm" parent="lshldr">
			<TM>0.9989983,0.01293354,0.04283936,0,0.02902379,0.5413861,-0.840273,0,-0.03406033,0.8406746,0.5404685,0,0.01163473,1.596662,0.1992146,1</TM>
		</PART>
		<PART id="lupleg" model="lupleg" parent="hips">
			<TM>0.8017059,0.00607519,-0.5976878,0,-0.1218265,0.9806188,-0.1534439,0,0.5851718,0.195831,0.786908,0,-0.04798701,1.134191,0.09030754,1</TM>
		</PART>
		<PART id="lwrist" model="lwrist" parent="lloarm">
			<TM>0.8986954,0.01221834,-0.4384031,0,-0.3890803,0.4835138,-0.7841116,0,0.2023934,0.8752514,0.4392855,0,0.08628294,1.299031,0.7086739,1</TM>
		</PART>
		<PART id="neck" model="neck" parent="shldrs">
			<TM>-0.0001909662,2.394599e-005,-1,0,-0.7384931,-0.674261,0.0001248813,0,-0.674261,0.7384931,0.000146445,0,0.009577523,1.683708,3.512511e-007,1</TM>
		</PART>
		<PART id="origin" model="origin">
			<TM>2.053469e-012,-2.026558e-006,1,0,2.026558e-006,-1,-2.026558e-006,0,1,2.026558e-006,2.053468e-012,0,0,0,0,1</TM>
		</PART>
		<PART id="rankle_r" model="rankle_r" parent="rloleg">
			<TM>-0.2423228,0.0001030787,-0.9701957,0,-0.746765,0.6383793,0.186585,0,0.6193721,0.7697219,-0.1546169,0,-0.05247532,0.1186043,-0.2492339,1</TM>
		</PART>
		<PART id="rloarm" model="rloarm" parent="ruparm">
			<TM>-0.9373758,-0.03277669,-0.3467742,0,-0.32119,0.4665412,0.8241215,0,0.1347725,0.8838919,-0.447852,0,-0.04351458,1.44452,-0.4535892,1</TM>
		</PART>
		<PART id="rloleg" model="rloleg" parent="rupleg">
			<TM>-0.7847111,-0.001836617,0.619859,0,0.1185552,0.9810902,0.152992,0,-0.6084186,0.193542,-0.7696546,0,0.01184419,0.6508729,-0.1662311,1</TM>
		</PART>
		<PART id="rot" model="rot" parent="body">
			<TM>-0.0001908542,2.44212e-005,-1,0,-1,-2.327208e-006,0.0001908542,0,-2.322547e-006,1,2.442165e-005,0,-2.87231e-006,1.3,-7.586553e-006,1</TM>
		</PART>
		<PART id="rshldr" model="rshldr" parent="shldrs">
			<TM>-0.9955434,-0.0943042,0.0001363982,0,0.008737069,-0.0907945,0.9958313,0,-0.09389868,0.9913945,0.09121381,0,0.01259462,1.585969,-0.08223679,1</TM>
		</PART>
		<PART id="ruparm" model="ruparm" parent="rshldr">
			<TM>-0.9975396,-0.02995208,0.06338438,0,0.03688189,0.5446807,0.8378321,0,-0.05961906,0.8381085,-0.5422359,0,0.01156057,1.596671,-0.1886623,1</TM>
		</PART>
		<PART id="rupleg" model="rupleg" parent="hips">
			<TM>-0.8024959,-0.005949764,-0.596628,0,-0.1216242,0.9805862,0.1538122,0,0.58413,0.195998,-0.78764,0,-0.04810602,1.134211,-0.09041639,1</TM>
		</PART>
		<PART id="rwrist" model="rwrist" parent="rloarm">
			<TM>-0.8890256,-0.03033174,-0.4568517,0,-0.4147812,0.4758781,0.7755622,0,0.1938816,0.8789881,-0.4356489,0,0.07879224,1.300396,-0.7067469,1</TM>
		</PART>
		<PART id="shldrs" model="shldrs" parent="chest">
			<TM>-0.0001908663,2.389334e-005,-1,0,-0.4386612,-0.8986526,6.225382e-005,0,-0.8986526,0.4386612,0.0001820036,0,-0.01613252,1.630522,4.001783e-006,1</TM>
		</PART>
		<PART id="waist" model="waist" parent="rot">
			<TM>-0.0001908599,2.399542e-005,-1,0,0.2094367,-0.9778222,-6.343632e-005,0,-0.9778222,-0.2094367,0.0001816015,0,0.02556168,1.376559,-1.013395e-005,1</TM>
		</PART>
		<NO_COLLISION part1="body" part2="hips"></NO_COLLISION>
		<NO_COLLISION part1="body" part2="origin"></NO_COLLISION>
		<NO_COLLISION part1="body" part2="rot"></NO_COLLISION>
		<NO_COLLISION part1="chest" part2="hips"></NO_COLLISION>
		<NO_COLLISION part1="chest" part2="lshldr"></NO_COLLISION>
		<NO_COLLISION part1="chest" part2="luparm"></NO_COLLISION>
		<NO_COLLISION part1="chest" part2="lupleg"></NO_COLLISION>
		<NO_COLLISION part1="chest" part2="neck"></NO_COLLISION>
		<NO_COLLISION part1="chest" part2="rshldr"></NO_COLLISION>
		<NO_COLLISION part1="chest" part2="ruparm"></NO_COLLISION>
		<NO_COLLISION part1="chest" part2="shldrs"></NO_COLLISION>
		<NO_COLLISION part1="chest" part2="waist"></NO_COLLISION>
		<NO_COLLISION part1="hips" part2="lupleg"></NO_COLLISION>
		<NO_COLLISION part1="hips" part2="rupleg"></NO_COLLISION>
		<NO_COLLISION part1="lankle_r" part2="lloleg"></NO_COLLISION>
		<NO_COLLISION part1="lloarm" part2="luparm"></NO_COLLISION>
		<NO_COLLISION part1="lloarm" part2="lwrist"></NO_COLLISION>
		<NO_COLLISION part1="lloleg" part2="lupleg"></NO_COLLISION>
		<NO_COLLISION part1="lshldr" part2="luparm"></NO_COLLISION>
		<NO_COLLISION part1="lshldr" part2="neck"></NO_COLLISION>
		<NO_COLLISION part1="lshldr" part2="shldrs"></NO_COLLISION>
		<NO_COLLISION part1="lupleg" part2="rupleg"></NO_COLLISION>
		<NO_COLLISION part1="neck" part2="rshldr"></NO_COLLISION>
		<NO_COLLISION part1="neck" part2="shldrs"></NO_COLLISION>
		<NO_COLLISION part1="rankle_r" part2="rloleg"></NO_COLLISION>
		<NO_COLLISION part1="rloarm" part2="ruparm"></NO_COLLISION>
		<NO_COLLISION part1="rloarm" part2="rwrist"></NO_COLLISION>
		<NO_COLLISION part1="rloleg" part2="rupleg"></NO_COLLISION>
		<NO_COLLISION part1="rot" part2="waist"></NO_COLLISION>
		<NO_COLLISION part1="rshldr" part2="ruparm"></NO_COLLISION>
		<NO_COLLISION part1="rshldr" part2="shldrs"></NO_COLLISION>
		<JOINT id="body" part1="body" part2="origin" type="hinge">
			<HIGH_LIMIT>1.570796</HIGH_LIMIT>
			<LOW_LIMIT>-1.570796</LOW_LIMIT>
			<HIGH_STIFFNESS>1000</HIGH_STIFFNESS>
			<LOW_STIFFNESS>1000</LOW_STIFFNESS>
			<LIMITED>1</LIMITED>
			<MOTORIZED>0</MOTORIZED>
			<DES_VEL>1</DES_VEL>
			<MAX_FORCE>1000</MAX_FORCE>
			<POS1>0,0,0</POS1>
			<POS2>-2.662611e-006,-1.271644,-0.04260316</POS2>
			<PRIMARY_AXIS1>1,0,0</PRIMARY_AXIS1>
			<PRIMARY_AXIS2>-1,-2.294033e-005,-0.0001911673</PRIMARY_AXIS2>
			<ORTHOGONAL_AXIS1>0,1,0</ORTHOGONAL_AXIS1>
			<ORTHOGONAL_AXIS2>2.536551e-005,0.9685261,-0.248912</ORTHOGONAL_AXIS2>
		</JOINT>
		<JOINT id="chest" part1="chest" part2="waist" type="hinge">
			<HIGH_LIMIT>1.570796</HIGH_LIMIT>
			<LOW_LIMIT>-1.570796</LOW_LIMIT>
			<HIGH_STIFFNESS>1000</HIGH_STIFFNESS>
			<LOW_STIFFNESS>1000</LOW_STIFFNESS>
			<LIMITED>1</LIMITED>
			<MOTORIZED>0</MOTORIZED>
			<DES_VEL>1</DES_VEL>
			<MAX_FORCE>1000</MAX_FORCE>
			<POS1>0,0,0</POS1>
			<POS2>-2.852984e-008,-0.1084234,1.852172e-007</POS2>
			<PRIMARY_AXIS1>1,0,0</PRIMARY_AXIS1>
			<PRIMARY_AXIS2>1,-9.012379e-007,2.718988e-008</PRIMARY_AXIS2>
			<ORTHOGONAL_AXIS1>0,1,0</ORTHOGONAL_AXIS1>
			<ORTHOGONAL_AXIS2>8.95853e-007,0.9965271,0.08326547</ORTHOGONAL_AXIS2>
		</JOINT>
		<JOINT id="hips" part1="hips" part2="body" type="hinge">
			<HIGH_LIMIT>1.570796</HIGH_LIMIT>
			<LOW_LIMIT>-1.570796</LOW_LIMIT>
			<HIGH_STIFFNESS>1000</HIGH_STIFFNESS>
			<LOW_STIFFNESS>1000</LOW_STIFFNESS>
			<LIMITED>1</LIMITED>
			<MOTORIZED>0</MOTORIZED>
			<DES_VEL>1</DES_VEL>
			<MAX_FORCE>1000</MAX_FORCE>
			<POS1>0,0,0</POS1>
			<POS2>5.449368e-005,0.06462961,-0.0291009</POS2>
			<PRIMARY_AXIS1>1,0,0</PRIMARY_AXIS1>
			<PRIMARY_AXIS2>-0.9999999,-3.706326e-005,-0.0004728796</PRIMARY_AXIS2>
			<ORTHOGONAL_AXIS1>0,1,0</ORTHOGONAL_AXIS1>
			<ORTHOGONAL_AXIS2>3.601376e-005,0.9881321,-0.153606</ORTHOGONAL_AXIS2>
		</JOINT>
		<JOINT id="lankle_r" part1="lankle_r" part2="lloleg" type="hinge">
			<HIGH_LIMIT>1.570796</HIGH_LIMIT>
			<LOW_LIMIT>-1.570796</LOW_LIMIT>
			<HIGH_STIFFNESS>1000</HIGH_STIFFNESS>
			<LOW_STIFFNESS>1000</LOW_STIFFNESS>
			<LIMITED>1</LIMITED>
			<MOTORIZED>0</MOTORIZED>
			<DES_VEL>1</DES_VEL>
			<MAX_FORCE>1000</MAX_FORCE>
			<POS1>0,0,0</POS1>
			<POS2>1.725345e-007,-0.5425277,1.303319e-007</POS2>
			<PRIMARY_AXIS1>1,0,0</PRIMARY_AXIS1>
			<PRIMARY_AXIS2>-0.4112262,0.177061,-0.8941713</PRIMARY_AXIS2>
			<ORTHOGONAL_AXIS1>0,-0.9396926,-0.3420204</ORTHOGONAL_AXIS1>
			<ORTHOGONAL_AXIS2>0.4587406,-0.8074741,-0.3708668</ORTHOGONAL_AXIS2>
		</JOINT>
		<JOINT id="lloarm" part1="lloarm" part2="luparm" type="hinge">
			<HIGH_LIMIT>1.570796</HIGH_LIMIT>
			<LOW_LIMIT>-1.570796</LOW_LIMIT>
			<HIGH_STIFFNESS>1000</HIGH_STIFFNESS>
			<LOW_STIFFNESS>1000</LOW_STIFFNESS>
			<LIMITED>1</LIMITED>
			<MOTORIZED>0</MOTORIZED>
			<DES_VEL>1</DES_VEL>
			<MAX_FORCE>1000</MAX_FORCE>
			<POS1>0,0,0</POS1>
			<POS2>-0.04343671,-0.2980639,0.01363982</POS2>
			<PRIMARY_AXIS1>-2.980232e-008,6.457272e-008,-1</PRIMARY_AXIS1>
			<PRIMARY_AXIS2>-0.1934849,-0.1123465,-0.9746495</PRIMARY_AXIS2>
			<ORTHOGONAL_AXIS1>0.9848078,-0.1736483,-4.639174e-008</ORTHOGONAL_AXIS1>
			<ORTHOGONAL_AXIS2>0.9608934,0.1788991,-0.2113754</ORTHOGONAL_AXIS2>
		</JOINT>
		<JOINT id="lloleg" part1="lloleg" part2="lupleg" type="hinge">
			<HIGH_LIMIT>1.570796</HIGH_LIMIT>
			<LOW_LIMIT>-1.570796</LOW_LIMIT>
			<HIGH_STIFFNESS>1000</HIGH_STIFFNESS>
			<LOW_STIFFNESS>1000</LOW_STIFFNESS>
			<LIMITED>1</LIMITED>
			<MOTORIZED>0</MOTORIZED>
			<DES_VEL>1</DES_VEL>
			<MAX_FORCE>1000</MAX_FORCE>
			<POS1>0,0,0</POS1>
			<POS2>4.833584e-007,-0.4929061,3.600879e-008</POS2>
			<PRIMARY_AXIS1>0.7660444,-1.805521e-008,0.6427876</PRIMARY_AXIS1>
			<PRIMARY_AXIS2>-0.4091698,-0.05130548,0.9110146</PRIMARY_AXIS2>
			<ORTHOGONAL_AXIS1>-0.6427876,-1.639128e-007,0.7660444</ORTHOGONAL_AXIS1>
			<ORTHOGONAL_AXIS2>-0.8919737,0.2328591,-0.387504</ORTHOGONAL_AXIS2>
		</JOINT>
		<JOINT id="lshldr" part1="lshldr" part2="shldrs" type="hinge">
			<HIGH_LIMIT>1.570796</HIGH_LIMIT>
			<LOW_LIMIT>-1.570796</LOW_LIMIT>
			<HIGH_STIFFNESS>1000</HIGH_STIFFNESS>
			<LOW_STIFFNESS>1000</LOW_STIFFNESS>
			<LIMITED>1</LIMITED>
			<MOTORIZED>0</MOTORIZED>
			<DES_VEL>1</DES_VEL>
			<MAX_FORCE>1000</MAX_FORCE>
			<POS1>0,0,0</POS1>
			<POS2>-0.07929438,0.02835246,-0.04593755</POS2>
			<PRIMARY_AXIS1>1,0,0</PRIMARY_AXIS1>
			<PRIMARY_AXIS2>-9.723617e-008,-0.521454,-0.8532796</PRIMARY_AXIS2>
			<ORTHOGONAL_AXIS1>0,1,0</ORTHOGONAL_AXIS1>
			<ORTHOGONAL_AXIS2>0.9948403,0.08656754,-0.05290304</ORTHOGONAL_AXIS2>
		</JOINT>
		<JOINT id="luparm" part1="luparm" part2="lshldr" type="skeletal">
			<CONE_TYPE>2</CONE_TYPE>
			<CONE_HALF_ANGLE_X>0.7853982</CONE_HALF_ANGLE_X>
			<CONE_HALF_ANGLE_Y>0.7853982</CONE_HALF_ANGLE_Y>
			<CONE_STIFFNESS>1000</CONE_STIFFNESS>
			<CONE_DAMPING>1</CONE_DAMPING>
			<TWIST_TYPE>2</TWIST_TYPE>
			<TWIST_HALF_ANGLE>1.570796</TWIST_HALF_ANGLE>
			<TWIST_STIFFNESS>1000</TWIST_STIFFNESS>
			<TWIST_DAMPING>1</TWIST_DAMPING>
			<POS1>0,0,0</POS1>
			<POS2>-1.481271e-007,-0.1205035,-0.0003996271</POS2>
			<PRIMARY_AXIS1>-2.980232e-008,-0.9999999,8.64115e-008</PRIMARY_AXIS1>
			<PRIMARY_AXIS2>-0.08010783,-0.7815456,-0.618683</PRIMARY_AXIS2>
			<ORTHOGONAL_AXIS1>0.9999999,-2.980232e-008,-2.075327e-008</ORTHOGONAL_AXIS1>
			<ORTHOGONAL_AXIS2>0.9957577,-0.03455612,-0.08527911</ORTHOGONAL_AXIS2>
		</JOINT>
		<JOINT id="lupleg" part1="lupleg" part2="hips" type="skeletal">
			<CONE_TYPE>2</CONE_TYPE>
			<CONE_HALF_ANGLE_X>0.7853982</CONE_HALF_ANGLE_X>
			<CONE_HALF_ANGLE_Y>0.7853982</CONE_HALF_ANGLE_Y>
			<CONE_STIFFNESS>1000</CONE_STIFFNESS>
			<CONE_DAMPING>1</CONE_DAMPING>
			<TWIST_TYPE>2</TWIST_TYPE>
			<TWIST_HALF_ANGLE>1.570796</TWIST_HALF_ANGLE>
			<TWIST_STIFFNESS>1000</TWIST_STIFFNESS>
			<TWIST_DAMPING>1</TWIST_DAMPING>
			<POS1>0,0,0</POS1>
			<POS2>0.09036186,0.06898876,-0.01088569</POS2>
			<PRIMARY_AXIS1>-0.1736482,-0.9848078,-4.665986e-008</PRIMARY_AXIS1>
			<PRIMARY_AXIS2>0.2549906,0.9640585,0.07463782</PRIMARY_AXIS2>
			<ORTHOGONAL_AXIS1>0.9848078,-0.1736482,7.760427e-009</ORTHOGONAL_AXIS1>
			<ORTHOGONAL_AXIS2>-0.561411,0.08476019,0.8231849</ORTHOGONAL_AXIS2>
		</JOINT>
		<JOINT id="lwrist" part1="lwrist" part2="lloarm" type="hinge">
			<HIGH_LIMIT>1.570796</HIGH_LIMIT>
			<LOW_LIMIT>-1.570796</LOW_LIMIT>
			<HIGH_STIFFNESS>1000</HIGH_STIFFNESS>
			<LOW_STIFFNESS>1000</LOW_STIFFNESS>
			<LIMITED>1</LIMITED>
			<MOTORIZED>0</MOTORIZED>
			<DES_VEL>1</DES_VEL>
			<MAX_FORCE>1000</MAX_FORCE>
			<POS1>0,0,0</POS1>
			<POS2>0.02206268,-0.3187365,0.002570414</POS2>
			<PRIMARY_AXIS1>1,0,0</PRIMARY_AXIS1>
			<PRIMARY_AXIS2>0.9972815,0.06452411,-0.03559301</PRIMARY_AXIS2>
			<ORTHOGONAL_AXIS1>0,-0.7660446,-0.6427875</ORTHOGONAL_AXIS1>
			<ORTHOGONAL_AXIS2>0.02540688,-0.7544656,-0.6558474</ORTHOGONAL_AXIS2>
		</JOINT>
		<JOINT id="neck" part1="neck" part2="shldrs" type="hinge">
			<HIGH_LIMIT>1.570796</HIGH_LIMIT>
			<LOW_LIMIT>-1.570796</LOW_LIMIT>
			<HIGH_STIFFNESS>1000</HIGH_STIFFNESS>
			<LOW_STIFFNESS>1000</LOW_STIFFNESS>
			<LIMITED>1</LIMITED>
			<MOTORIZED>0</MOTORIZED>
			<DES_VEL>1</DES_VEL>
			<MAX_FORCE>1000</MAX_FORCE>
			<POS1>0,0,0</POS1>
			<POS2>1.414091e-008,-0.05907361,0.0002262153</POS2>
			<PRIMARY_AXIS1>1,0,0</PRIMARY_AXIS1>
			<PRIMARY_AXIS2>1,-3.495197e-009,1.128352e-007</PRIMARY_AXIS2>
			<ORTHOGONAL_AXIS1>0,-1,-8.742278e-008</ORTHOGONAL_AXIS1>
			<ORTHOGONAL_AXIS2>3.819067e-008,-0.9298745,-0.3678768</ORTHOGONAL_AXIS2>
		</JOINT>
		<JOINT id="rankle_r" part1="rankle_r" part2="rloleg" type="hinge">
			<HIGH_LIMIT>1.570796</HIGH_LIMIT>
			<LOW_LIMIT>-1.570796</LOW_LIMIT>
			<HIGH_STIFFNESS>1000</HIGH_STIFFNESS>
			<LOW_STIFFNESS>1000</LOW_STIFFNESS>
			<LIMITED>1</LIMITED>
			<MOTORIZED>0</MOTORIZED>
			<DES_VEL>1</DES_VEL>
			<MAX_FORCE>1000</MAX_FORCE>
			<POS1>0,0,0</POS1>
			<POS2>-2.303554e-007,-0.5425276,3.214845e-007</POS2>
			<PRIMARY_AXIS1>1,0,0</PRIMARY_AXIS1>
			<PRIMARY_AXIS2>-0.4112312,-0.1770597,0.8941691</PRIMARY_AXIS2>
			<ORTHOGONAL_AXIS1>0,-0.9848078,-0.1736485</ORTHOGONAL_AXIS1>
			<ORTHOGONAL_AXIS2>-0.5885505,-0.6974938,-0.4087912</ORTHOGONAL_AXIS2>
		</JOINT>
		<JOINT id="rloarm" part1="rloarm" part2="ruparm" type="hinge">
			<HIGH_LIMIT>1.570796</HIGH_LIMIT>
			<LOW_LIMIT>-1.570796</LOW_LIMIT>
			<HIGH_STIFFNESS>1000</HIGH_STIFFNESS>
			<LOW_STIFFNESS>1000</LOW_STIFFNESS>
			<LIMITED>1</LIMITED>
			<MOTORIZED>0</MOTORIZED>
			<DES_VEL>1</DES_VEL>
			<MAX_FORCE>1000</MAX_FORCE>
			<POS1>0,0,0</POS1>
			<POS2>0.04270466,-0.3068691,0.01941746</POS2>
			<PRIMARY_AXIS1>-0.03015377,0.17101,-0.9848078</PRIMARY_AXIS1>
			<PRIMARY_AXIS2>0.2201983,0.06035492,-0.9735861</PRIMARY_AXIS2>
			<ORTHOGONAL_AXIS1>-0.9848078,-0.1736483,5.211158e-008</ORTHOGONAL_AXIS1>
			<ORTHOGONAL_AXIS2>-0.9624654,0.1757835,-0.2067859</ORTHOGONAL_AXIS2>
		</JOINT>
		<JOINT id="rloleg" part1="rloleg" part2="rupleg" type="hinge">
			<HIGH_LIMIT>1.570796</HIGH_LIMIT>
			<LOW_LIMIT>-1.570796</LOW_LIMIT>
			<HIGH_STIFFNESS>1000</HIGH_STIFFNESS>
			<LOW_STIFFNESS>1000</LOW_STIFFNESS>
			<LIMITED>1</LIMITED>
			<MOTORIZED>0</MOTORIZED>
			<DES_VEL>1</DES_VEL>
			<MAX_FORCE>1000</MAX_FORCE>
			<POS1>0,0,0</POS1>
			<POS2>-8.564979e-007,-0.4929072,1.646365e-007</POS2>
			<PRIMARY_AXIS1>0.7660445,0,-0.6427877</PRIMARY_AXIS1>
			<PRIMARY_AXIS2>-0.4091645,0.05130577,-0.911017</PRIMARY_AXIS2>
			<ORTHOGONAL_AXIS1>0.6427877,-5.960464e-008,0.7660445</ORTHOGONAL_AXIS1>
			<ORTHOGONAL_AXIS2>0.8919762,0.2328579,-0.3874988</ORTHOGONAL_AXIS2>
		</JOINT>
		<JOINT id="rot" part1="rot" part2="body" type="hinge">
			<HIGH_LIMIT>1.570796</HIGH_LIMIT>
			<LOW_LIMIT>-1.570796</LOW_LIMIT>
			<HIGH_STIFFNESS>1000</HIGH_STIFFNESS>
			<LOW_STIFFNESS>1000</LOW_STIFFNESS>
			<LIMITED>1</LIMITED>
			<MOTORIZED>0</MOTORIZED>
			<DES_VEL>1</DES_VEL>
			<MAX_FORCE>1000</MAX_FORCE>
			<POS1>0,0,0</POS1>
			<POS2>6.467835e-008,-0.03806789,-0.0342039</POS2>
			<PRIMARY_AXIS1>1,0,0</PRIMARY_AXIS1>
			<PRIMARY_AXIS2>1,4.502081e-007,-4.389508e-007</PRIMARY_AXIS2>
			<ORTHOGONAL_AXIS1>0,1,0</ORTHOGONAL_AXIS1>
			<ORTHOGONAL_AXIS2>3.1307e-007,0.2489123,0.9685261</ORTHOGONAL_AXIS2>
		</JOINT>
		<JOINT id="rshldr" part1="rshldr" part2="shldrs" type="hinge">
			<HIGH_LIMIT>1.570796</HIGH_LIMIT>
			<LOW_LIMIT>-1.570796</LOW_LIMIT>
			<HIGH_STIFFNESS>1000</HIGH_STIFFNESS>
			<LOW_STIFFNESS>1000</LOW_STIFFNESS>
			<LIMITED>1</LIMITED>
			<MOTORIZED>0</MOTORIZED>
			<DES_VEL>1</DES_VEL>
			<MAX_FORCE>1000</MAX_FORCE>
			<POS1>0,0,0</POS1>
			<POS2>0.08223424,0.02743116,-0.04537435</POS2>
			<PRIMARY_AXIS1>1,0,0</PRIMARY_AXIS1>
			<PRIMARY_AXIS2>5.136426e-005,0.5214529,0.8532801</PRIMARY_AXIS2>
			<ORTHOGONAL_AXIS1>0,1,0</ORTHOGONAL_AXIS1>
			<ORTHOGONAL_AXIS2>-0.9958351,0.07782207,-0.04749835</ORTHOGONAL_AXIS2>
		</JOINT>
		<JOINT id="ruparm" part1="ruparm" part2="rshldr" type="skeletal">
			<CONE_TYPE>2</CONE_TYPE>
			<CONE_HALF_ANGLE_X>0.7853982</CONE_HALF_ANGLE_X>
			<CONE_HALF_ANGLE_Y>0.7853982</CONE_HALF_ANGLE_Y>
			<CONE_STIFFNESS>1000</CONE_STIFFNESS>
			<CONE_DAMPING>1</CONE_DAMPING>
			<TWIST_TYPE>2</TWIST_TYPE>
			<TWIST_HALF_ANGLE>1.570796</TWIST_HALF_ANGLE>
			<TWIST_STIFFNESS>1000</TWIST_STIFFNESS>
			<TWIST_DAMPING>1</TWIST_DAMPING>
			<POS1>0,0,0</POS1>
			<POS2>5.653547e-006,-0.1069626,0.0009997814</POS2>
			<PRIMARY_AXIS1>1.490116e-008,-1,-5.200569e-009</PRIMARY_AXIS1>
			<PRIMARY_AXIS2>0.08796893,-0.7852076,-0.612952</PRIMARY_AXIS2>
			<ORTHOGONAL_AXIS1>0.1736481,-1.490116e-008,-0.9848077</ORTHOGONAL_AXIS1>
			<ORTHOGONAL_AXIS2>0.1923984,0.6171441,-0.7629649</ORTHOGONAL_AXIS2>
		</JOINT>
		<JOINT id="rupleg" part1="rupleg" part2="hips" type="skeletal">
			<CONE_TYPE>2</CONE_TYPE>
			<CONE_HALF_ANGLE_X>0.7853982</CONE_HALF_ANGLE_X>
			<CONE_HALF_ANGLE_Y>0.7853982</CONE_HALF_ANGLE_Y>
			<CONE_STIFFNESS>1000</CONE_STIFFNESS>
			<CONE_DAMPING>1</CONE_DAMPING>
			<TWIST_TYPE>2</TWIST_TYPE>
			<TWIST_HALF_ANGLE>1.570796</TWIST_HALF_ANGLE>
			<TWIST_STIFFNESS>1000</TWIST_STIFFNESS>
			<TWIST_DAMPING>1</TWIST_DAMPING>
			<POS1>0,0,0</POS1>
			<POS2>-0.09036211,0.06898814,-0.01088577</POS2>
			<PRIMARY_AXIS1>0.1265858,-0.9527171,0.2762358</PRIMARY_AXIS1>
			<PRIMARY_AXIS2>-0.4394286,0.8596116,0.2607109</PRIMARY_AXIS2>
			<ORTHOGONAL_AXIS1>0.6501514,0.2900076,0.7022812</ORTHOGONAL_AXIS1>
			<ORTHOGONAL_AXIS2>-0.8965776,-0.4018716,-0.1861388</ORTHOGONAL_AXIS2>
		</JOINT>
		<JOINT id="rwrist" part1="rwrist" part2="rloarm" type="hinge">
			<HIGH_LIMIT>1.570796</HIGH_LIMIT>
			<LOW_LIMIT>-1.570796</LOW_LIMIT>
			<HIGH_STIFFNESS>1000</HIGH_STIFFNESS>
			<LOW_STIFFNESS>1000</LOW_STIFFNESS>
			<LIMITED>1</LIMITED>
			<MOTORIZED>0</MOTORIZED>
			<DES_VEL>1</DES_VEL>
			<MAX_FORCE>1000</MAX_FORCE>
			<POS1>0,0,0</POS1>
			<POS2>-0.02213495,-0.3151563,0.002470601</POS2>
			<PRIMARY_AXIS1>1,0,-0</PRIMARY_AXIS1>
			<PRIMARY_AXIS2>0.9927694,-0.1051061,0.0579758</PRIMARY_AXIS2>
			<ORTHOGONAL_AXIS1>-0,-0.8660256,-0.4999999</ORTHOGONAL_AXIS1>
			<ORTHOGONAL_AXIS2>-0.06055534,-0.8555658,-0.5141405</ORTHOGONAL_AXIS2>
		</JOINT>
		<JOINT id="shldrs" part1="shldrs" part2="chest" type="hinge">
			<HIGH_LIMIT>1.570796</HIGH_LIMIT>
			<LOW_LIMIT>-1.570796</LOW_LIMIT>
			<HIGH_STIFFNESS>1000</HIGH_STIFFNESS>
			<LOW_STIFFNESS>1000</LOW_STIFFNESS>
			<LIMITED>1</LIMITED>
			<MOTORIZED>0</MOTORIZED>
			<DES_VEL>1</DES_VEL>
			<MAX_FORCE>1000</MAX_FORCE>
			<POS1>0,0,0</POS1>
			<POS2>7.810561e-008,-0.1491571,-1.182185e-007</POS2>
			<PRIMARY_AXIS1>0.9999999,0,-0</PRIMARY_AXIS1>
			<PRIMARY_AXIS2>0.9999999,9.962835e-007,-8.277608e-008</PRIMARY_AXIS2>
			<ORTHOGONAL_AXIS1>-0,0.6427875,-0.7660445</ORTHOGONAL_AXIS1>
			<ORTHOGONAL_AXIS2>-9.781558e-007,0.9579802,-0.2868335</ORTHOGONAL_AXIS2>
		</JOINT>
		<JOINT id="waist" part1="waist" part2="rot" type="hinge">
			<HIGH_LIMIT>1.570796</HIGH_LIMIT>
			<LOW_LIMIT>-1.570796</LOW_LIMIT>
			<HIGH_STIFFNESS>1000</HIGH_STIFFNESS>
			<LOW_STIFFNESS>1000</LOW_STIFFNESS>
			<LIMITED>1</LIMITED>
			<MOTORIZED>0</MOTORIZED>
			<DES_VEL>1</DES_VEL>
			<MAX_FORCE>1000</MAX_FORCE>
			<POS1>0,0,0</POS1>
			<POS2>-4.620321e-007,-0.02556473,0.07655928</POS2>
			<PRIMARY_AXIS1>1,0,0</PRIMARY_AXIS1>
			<PRIMARY_AXIS2>1,5.66306e-009,-4.257882e-007</PRIMARY_AXIS2>
			<ORTHOGONAL_AXIS1>0,1,0</ORTHOGONAL_AXIS1>
			<ORTHOGONAL_AXIS2>-4.151533e-007,-0.2094344,-0.9778225</ORTHOGONAL_AXIS2>
		</JOINT>
	</ASSET>
	<ASSET id="Boney" graphic="BoneyMesh.psk" scale="0.02" mass_scale="1" length_scale="1">
		<GEOMETRY id="chest">
			<PRIMITIVE id="chest_1" type="sphere">
				<RADIUS>0.1310187</RADIUS>
				<TM>1,0,0,0,0,1,0,0,0,0,1,0,9.536743e-009,-0.1233512,0.05866286,1</TM>
			</PRIMITIVE>
		</GEOMETRY>
		<GEOMETRY id="hips">
			<PRIMITIVE id="hips_1" type="sphere">
				<RADIUS>0.08</RADIUS>
				<TM>1,0,0,0,0,1,0,0,0,0,1,0,0.004683618,0.00576406,0.009173097,1</TM>
			</PRIMITIVE>
		</GEOMETRY>
		<GEOMETRY id="lbicep">
			<PRIMITIVE id="lbicep_1" type="sphyl">
				<RADIUS>0.01696872</RADIUS>
				<HEIGHT>0.1301161</HEIGHT>
				<TM>-0.1610429,-0.03164526,-0.9864397,0,0.9868842,0.006119947,-0.1613118,0,0.01114172,-0.9994801,0.03024464,0,0.0007248538,-0.06502426,0.001967595,1</TM>
			</PRIMITIVE>
		</GEOMETRY>
		<GEOMETRY id="lhand1">
			<PRIMITIVE id="lhand1_1" type="sphere">
				<RADIUS>0.08</RADIUS>
				<TM>1,0,0,0,0,1,0,0,0,0,1,0,-0.07426769,-0.1036634,-0.04218005,1</TM>
			</PRIMITIVE>
		</GEOMETRY>
		<GEOMETRY id="lloarm">
			<PRIMITIVE id="lloarm_1" type="sphyl">
				<RADIUS>0.05</RADIUS>
				<HEIGHT>0.25</HEIGHT>
				<TM>0.202551,-0.05910235,-0.9774863,0,0.9792708,0.01342892,0.2021088,0,0.001181471,-0.9981613,0.06059731,0,-0.01945775,-0.1081166,0.002505116,1</TM>
			</PRIMITIVE>
		</GEOMETRY>
		<GEOMETRY id="lshldr">
			<PRIMITIVE id="lshldr_1" type="sphyl">
				<RADIUS>0.03577137</RADIUS>
				<HEIGHT>0.1055945</HEIGHT>
				<TM>0.01038588,3.837349e-006,-0.9999459,0,0.9999458,-1.122902e-007,0.01038588,0,-5.987484e-008,-0.9999998,-3.814139e-006,0,-2.580996e-009,-0.05279725,-1.176644e-007,1</TM>
			</PRIMITIVE>
		</GEOMETRY>
		<GEOMETRY id="luparm">
			<PRIMITIVE id="luparm_1" type="sphyl">
				<RADIUS>0.06023259</RADIUS>
				<HEIGHT>0.1301161</HEIGHT>
				<TM>-0.1610428,-0.03164888,-0.9864396,0,0.9868844,0.006119912,-0.1613118,0,0.01114226,-0.9994801,0.0302482,0,0.0007248934,-0.06502423,0.001967848,1</TM>
			</PRIMITIVE>
		</GEOMETRY>
		<GEOMETRY id="lupleg">
			<PRIMITIVE id="lupleg_1" type="sphyl">
				<RADIUS>0.08042599</RADIUS>
				<HEIGHT>0.4536079</HEIGHT>
				<TM>0.3511885,0.0387548,-0.9355023,0,0.9286477,-0.1419366,0.3427353,0,-0.1194994,-0.9891167,-0.08583608,0,-0.02710294,-0.2243356,-0.01946797,1</TM>
			</PRIMITIVE>
		</GEOMETRY>
		<GEOMETRY id="neck">
			<PRIMITIVE id="neck_1" type="sphere">
				<RADIUS>0.1</RADIUS>
				<TM>1,0,0,0,0,1,0,0,0,0,1,0,0.09999999,-0.02,0,1</TM>
			</PRIMITIVE>
		</GEOMETRY>
		<GEOMETRY id="rankle_r">
			<PRIMITIVE id="rankle_r_1" type="sphyl">
				<RADIUS>0.07</RADIUS>
				<HEIGHT>0.112471</HEIGHT>
				<TM>0.525367,-6.358872e-007,-0.8508757,0,0.8508756,5.155938e-007,0.525367,0,1.835686e-007,-0.9999998,8.290668e-007,0,3.590917e-009,-0.05623528,4.736237e-008,1</TM>
			</PRIMITIVE>
		</GEOMETRY>
		<GEOMETRY id="rbicep">
			<PRIMITIVE id="rbicep_1" type="sphyl">
				<RADIUS>0.01852177</RADIUS>
				<HEIGHT>0.1298369</HEIGHT>
				<TM>-0.5530216,-0.8331668,1.406071e-005,0,-0.001687172,0.001136747,0.9999979,0,-0.8331649,0.5530205,-0.002034374,0,-0.05408778,0.03590125,-0.0001320683,1</TM>
			</PRIMITIVE>
		</GEOMETRY>
		<GEOMETRY id="rhand1">
			<PRIMITIVE id="Part14" type="sphere">
				<RADIUS>0.08</RADIUS>
				<TM>1,0,0,0,0,1,0,0,0,0,1,0,0.04,0.05999999,-0.08,1</TM>
			</PRIMITIVE>
		</GEOMETRY>
		<GEOMETRY id="rloleg">
			<PRIMITIVE id="rloleg_1" type="sphyl">
				<RADIUS>0.08</RADIUS>
				<HEIGHT>0.3</HEIGHT>
				<TM>0.9999081,0.0003426291,-0.01354558,0,0.01354559,-0.05055276,0.9986295,0,-0.000342608,-0.9987213,-0.05055276,0,-5.481727e-005,-0.1597954,-0.008088441,1</TM>
			</PRIMITIVE>
		</GEOMETRY>
		<GEOMETRY id="rshldr">
			<PRIMITIVE id="rshldr_1" type="sphyl">
				<RADIUS>0.03577113</RADIUS>
				<HEIGHT>0.1055942</HEIGHT>
				<TM>0.01038433,6.759716e-007,0.9999459,0,-0.9999458,6.807586e-007,0.01038436,0,-6.587925e-007,-0.9999998,6.465727e-007,0,-3.655946e-008,-0.05279707,-3.788921e-008,1</TM>
			</PRIMITIVE>
		</GEOMETRY>
		<GEOMETRY id="ruparm">
			<PRIMITIVE id="ruparm_1" type="sphyl">
				<RADIUS>0.05783847</RADIUS>
				<HEIGHT>0.129837</HEIGHT>
				<TM>-0.9977199,0.005743751,0.06724389,0,-0.06723565,0.001616709,-0.9977357,0,-0.005839357,-0.9999821,-0.001226812,0,-0.0003791331,-0.06491736,-7.964332e-005,1</TM>
			</PRIMITIVE>
		</GEOMETRY>
		<GEOMETRY id="rupleg">
			<PRIMITIVE id="rupleg_1" type="sphyl">
				<RADIUS>0.08687688</RADIUS>
				<HEIGHT>0.4545427</HEIGHT>
				<TM>0.3516181,-0.03855952,0.9353489,0,-0.9285119,-0.1416837,0.343207,0,0.1192898,-0.9891605,-0.08562152,0,0.02711116,-0.2248079,-0.01945933,1</TM>
			</PRIMITIVE>
		</GEOMETRY>
		<GEOMETRY id="shoulders">
			<PRIMITIVE id="shoulders_1" type="sphere">
				<RADIUS>0.06976246</RADIUS>
				<TM>1,0,0,0,0,1,0,0,0,0,1,0,-9.536743e-009,-0.0514327,0.003274736,1</TM>
			</PRIMITIVE>
		</GEOMETRY>
		<GEOMETRY id="waist">
			<PRIMITIVE id="waist_1" type="sphere">
				<RADIUS>0.1</RADIUS>
				<TM>1,0,0,0,0,1,0,0,0,0,1,0,0.009784755,-0.08217328,0.06060478,1</TM>
			</PRIMITIVE>
		</GEOMETRY>
		<MODEL id="body" type="dynamics_only">
			<DYNAMICS>
				<MASS>1</MASS>
				<DENSITY>1</DENSITY>
				<MASS_OFFSET>0,0,0</MASS_OFFSET>
				<INERTIA>0.4,0,0,0.4,0,0.4</INERTIA>
				<LIN_DAMP>0.2</LIN_DAMP>
				<ANG_DAMP>0.4</ANG_DAMP>
				<FAST_SPIN>0,1,0</FAST_SPIN>
				<USE_FAST_SPIN>0</USE_FAST_SPIN>
			</DYNAMICS>
		</MODEL>
		<MODEL id="body2" type="dynamics_only">
			<DYNAMICS>
				<MASS>1</MASS>
				<DENSITY>1</DENSITY>
				<MASS_OFFSET>0,0,0</MASS_OFFSET>
				<INERTIA>0.4,0,0,0.4,0,0.4</INERTIA>
				<LIN_DAMP>0.2</LIN_DAMP>
				<ANG_DAMP>0.4</ANG_DAMP>
				<FAST_SPIN>0,1,0</FAST_SPIN>
				<USE_FAST_SPIN>0</USE_FAST_SPIN>
			</DYNAMICS>
		</MODEL>
		<MODEL id="chest" type="dynamics_and_geometry" geometry="chest">
			<DYNAMICS>
