<?xml version="1.0"?>

<KARMA ka_file_version="1.0">
	<ASSET id="Female" graphic="MercFemaleA.psk" scale="0.0096" mass_scale="1" length_scale="1">
		<GEOMETRY id="bip01 head">
			<PRIMITIVE id="bip01 head_1" type="sphere">
				<RADIUS>0.1349665</RADIUS>
				<TM>1,0,0,0,0,1,0,0,0,0,1,0,0.1192696,0.02983061,0.0007384277,1</TM>
			</PRIMITIVE>
		</GEOMETRY>
		<GEOMETRY id="bip01 l calf">
			<PRIMITIVE id="bip01 l calf_1" type="sphyl">
				<RADIUS>0.105642</RADIUS>
				<HEIGHT>0.45</HEIGHT>
				<TM>1.312775e-008,-1,-0.0003553345,0,-4.446275e-008,0.0003553341,-0.9999998,0,1,2.931181e-008,-3.275166e-008,0,0.2777767,3.770519e-009,-3.535008e-009,1</TM>
			</PRIMITIVE>
		</GEOMETRY>
		<GEOMETRY id="bip01 l clavicle">
			<PRIMITIVE id="bip01 l clavicle_1" type="sphere">
				<RADIUS>0.06418185</RADIUS>
				<TM>1,0,0,0,0,1,0,0,0,0,1,0,0.1036099,0.007394475,0.03262728,1</TM>
			</PRIMITIVE>
		</GEOMETRY>
		<GEOMETRY id="bip01 l finger0">
			<PRIMITIVE id="bip01 l finger0_1" type="sphyl">
				<RADIUS>0.03259169</RADIUS>
				<HEIGHT>0.04862343</HEIGHT>
				<TM>-1.153381e-006,-0.9998263,0.01862723,0,1.29873e-007,-0.01862717,-0.9998264,0,0.9999999,-1.449116e-006,1.446526e-007,0,0.02431171,-3.782904e-008,1.166982e-009,1</TM>
			</PRIMITIVE>
		</GEOMETRY>
		<GEOMETRY id="bip01 l foot">
			<PRIMITIVE id="bip01 l foot_1" type="sphyl">
				<RADIUS>0.07125455</RADIUS>
				<HEIGHT>0.2309975</HEIGHT>
				<TM>-0.6935193,-0.720438,1.088569e-006,0,-7.965029e-007,-7.37548e-007,-0.9999999,0,0.720438,-0.6935193,-6.447317e-008,0,0.0832097,-0.08010062,8.585983e-012,1</TM>
			</PRIMITIVE>
		</GEOMETRY>
		<GEOMETRY id="bip01 l forearm">
			<PRIMITIVE id="bip01 l forearm_1" type="sphyl">
				<RADIUS>0.07148936</RADIUS>
				<HEIGHT>0.299233</HEIGHT>
				<TM>-3.492948e-007,0.1267419,-0.9919357,0,-6.526239e-009,0.9919357,0.1267419,0,0.9999998,1.267898e-007,-5.41298e-007,0,0.1496164,1.877994e-008,-5.650818e-008,1</TM>
			</PRIMITIVE>
		</GEOMETRY>
		<GEOMETRY id="bip01 l hand">
			<PRIMITIVE id="bip01 l hand_1" type="sphyl">
				<RADIUS>0.05631578</RADIUS>
				<HEIGHT>0.08362864</HEIGHT>
				<TM>5.991447e-008,-0.9998409,0.01783121,0,9.028796e-008,-0.01783115,-0.999841,0,0.9999999,-2.126708e-007,8.174901e-008,0,0.0418143,1.043779e-008,-4.505878e-010,1</TM>
			</PRIMITIVE>
		</GEOMETRY>
		<GEOMETRY id="bip01 l thigh">
			<PRIMITIVE id="bip01 l thigh_1" type="sphyl">
				<RADIUS>0.1149784</RADIUS>
				<HEIGHT>0.5319178</HEIGHT>
				<TM>-4.729819e-008,-0.01509304,0.999886,0,-1.350527e-010,-0.9998862,-0.01509304,0,1,1.131122e-008,5.914042e-008,0,0.2659589,3.447687e-009,2.974823e-008,1</TM>
			</PRIMITIVE>
		</GEOMETRY>
		<GEOMETRY id="bip01 l toe0">
			<PRIMITIVE id="bip01 l toe0_1" type="sphyl">
				<RADIUS>0.05876916</RADIUS>
				<HEIGHT>0.1319761</HEIGHT>
				<TM>-2.916734e-008,-0.9999999,1.218636e-008,0,-7.047574e-008,-7.297097e-009,-0.9999999,0,0.9999999,-3.748174e-008,-6.849091e-008,0,0.06598802,-2.302966e-009,4.772323e-009,1</TM>
			</PRIMITIVE>
		</GEOMETRY>
		<GEOMETRY id="bip01 l upperarm">
			<PRIMITIVE id="bip01 l upperarm_1" type="sphyl">
				<RADIUS>0.07148936</RADIUS>
				<HEIGHT>0.3245791</HEIGHT>
				<TM>3.687709e-008,0.1246545,-0.9922001,0,-2.912814e-008,0.9922001,0.1246546,0,0.9999998,6.611108e-008,-1.633577e-007,0,0.1622896,1.744083e-008,-6.380657e-008,1</TM>
			</PRIMITIVE>
		</GEOMETRY>
		<GEOMETRY id="bip01 neck">
			<PRIMITIVE id="Part16" type="sphere">
				<RADIUS>0.1225532</RADIUS>
				<TM>1,0,0,0,0,1,0,0,0,0,1,0,0.1634043,0,0,1</TM>
			</PRIMITIVE>
		</GEOMETRY>
		<GEOMETRY id="bip01 pelvis">
			<PRIMITIVE id="bip01 pelvis_1" type="sphere">
				<RADIUS>0.1327659</RADIUS>
				<TM>1,0,0,0,0,1,0,0,0,0,1,0,0.02944162,-0.01465841,0.01452879,1</TM>
			</PRIMITIVE>
		</GEOMETRY>
		<GEOMETRY id="bip01 r calf">
			<PRIMITIVE id="bip01 r calf_1" type="sphyl">
				<RADIUS>0.1056409</RADIUS>
				<HEIGHT>0.5555534</HEIGHT>
				<TM>-1.942547e-008,-0.9999999,0.0003584181,0,-6.108246e-008,-0.0003584186,-0.9999999,0,0.9999999,-2.088195e-008,-6.833996e-008,0,0.2777767,-1.239516e-008,-1.553036e-008,1</TM>
			</PRIMITIVE>
		</GEOMETRY>
		<GEOMETRY id="bip01 r clavicle">
			<PRIMITIVE id="bip01 r clavicle_1" type="sphere">
				<RADIUS>0.06418667</RADIUS>
				<TM>1,0,0,0,0,1,0,0,0,0,1,0,0.1021735,0.007209412,-0.0323388,1</TM>
			</PRIMITIVE>
		</GEOMETRY>
		<GEOMETRY id="bip01 r foot">
			<PRIMITIVE id="bip01 r foot_1" type="sphyl">
				<RADIUS>0.07125454</RADIUS>
				<HEIGHT>0.2309975</HEIGHT>
				<TM>-0.6935193,-0.720438,1.108788e-006,0,-7.989491e-007,-7.408161e-007,-1,0,0.7204381,-0.6935194,-7.92656e-008,0,0.08320969,-0.08010063,-1.561751e-008,1</TM>
			</PRIMITIVE>
		</GEOMETRY>
		<GEOMETRY id="bip01 r forearm">
			<PRIMITIVE id="bip01 r forearm_1" type="sphyl">
				<RADIUS>0.06014941</RADIUS>
				<HEIGHT>0.2992329</HEIGHT>
				<TM>3.802473e-008,-0.1267436,-0.9919355,0,-4.871519e-008,0.9919356,-0.1267436,0,0.9999999,1.584893e-007,1.909618e-007,0,0.1496165,2.439306e-008,1.11329e-007,1</TM>
			</PRIMITIVE>
		</GEOMETRY>
		<GEOMETRY id="bip01 r hand">
			<PRIMITIVE id="bip01 r hand_1" type="sphere">
				<RADIUS>0.0608464</RADIUS>
				<TM>1,0,0,0,0,1,0,0,0,0,1,0,0.05309197,0.006783073,0.007647551,1</TM>
			</PRIMITIVE>
		</GEOMETRY>
		<GEOMETRY id="bip01 r thigh">
			<PRIMITIVE id="bip01 r thigh_1" type="sphyl">
				<RADIUS>0.1092021</RADIUS>
				<HEIGHT>0.5319178</HEIGHT>
				<TM>2.50519e-008,0.01509614,0.999886,0,3.602096e-009,-0.999886,0.01509614,0,1,4.565086e-009,-3.947015e-008,0,0.2659589,1.511184e-009,-8.801105e-009,1</TM>
			</PRIMITIVE>
		</GEOMETRY>
		<GEOMETRY id="bip01 r toe0">
			<PRIMITIVE id="bip01 r toe0_1" type="sphyl">
				<RADIUS>0.05876916</RADIUS>
				<HEIGHT>0.1319761</HEIGHT>
				<TM>3.166533e-008,-0.9999999,3.686576e-008,0,-6.720747e-008,-9.74316e-009,-1,0,0.9999999,1.452813e-008,-6.418311e-008,0,0.06598803,1.28638e-009,5.688863e-009,1</TM>
			</PRIMITIVE>
		</GEOMETRY>
		<GEOMETRY id="bip01 r upperarm">
			<PRIMITIVE id="bip01 r upperarm_1" type="sphyl">
				<RADIUS>0.06290361</RADIUS>
				<HEIGHT>0.3245791</HEIGHT>
				<TM>2.612272e-008,-0.1246562,-0.9922,0,6.817613e-009,0.9922001,-0.1246562,0,0.9999999,3.842975e-008,1.952376e-007,0,0.1622896,1.641898e-008,1.201728e-007,1</TM>
			</PRIMITIVE>
		</GEOMETRY>
		<GEOMETRY id="bip01 spine">
			<PRIMITIVE id="bip01 spine_1" type="sphyl">
				<RADIUS>0.09345179</RADIUS>
				<HEIGHT>0.1379222</HEIGHT>
				<TM>-0.0007775503,0.9999998,-1.326302e-006,0,2.620832e-008,1.326661e-006,0.9999999,0,0.9999998,0.0007775503,-2.459785e-008,0,0.06896109,5.362639e-005,-1.679554e-009,1</TM>
			</PRIMITIVE>
		</GEOMETRY>
		<GEOMETRY id="bip01 spine1">
			<PRIMITIVE id="bip01 spine1_1" type="sphyl">
				<RADIUS>0.1374209</RADIUS>
				<HEIGHT>0.173617</HEIGHT>
				<TM>-0.0007482012,0.9999998,-1.306166e-006,0,-1.656899e-008,1.305912e-006,0.9999999,0,0.9999997,0.000748198,1.824455e-008,0,0.1098054,5.159806e-005,1.280532e-009,1</TM>
			</PRIMITIVE>
		</GEOMETRY>
		<GEOMETRY id="bip01 spine2">
			<PRIMITIVE id="bip01 spine2_1" type="sphyl">
				<RADIUS>0.09780234</RADIUS>
				<HEIGHT>0.1379732</HEIGHT>
				<TM>-0.0003914185,0.9999999,-1.400134e-006,0,3.637422e-008,1.399015e-006,0.9999999,0,0.9999999,0.0003914185,-3.451123e-008,0,0.06898662,2.69752e-005,-2.387767e-009,1</TM>
			</PRIMITIVE>
		</GEOMETRY>
		<MODEL id="bip01 l calf" type="dynamics_and_geometry" geometry="bip01 l calf">
			<DYNAMICS>
				<MASS>0.03176065</MASS>
				<DENSITY>1</DENSITY>
				<MASS_OFFSET>0.2777767,3.770519e-009,-3.535008e-009</MASS_OFFSET>
				<INERTIA>3.511747e-006,-0,0,2.734515e-005,0,2.734515e-005</INERTIA>
				<LIN_DAMP>0</LIN_DAMP>
				<ANG_DAMP>3</ANG_DAMP>
				<FAST_SPIN>0,1,0</FAST_SPIN>
				<USE_FAST_SPIN>0</USE_FAST_SPIN>
			</DYNAMICS>
		</MODEL>
		<MODEL id="bip01 l clavicle" type="dynamics_only" geometry="bip01 l clavicle">
			<DYNAMICS>
				<MASS>0.006455417</MASS>
				<DENSITY>1</DENSITY>
				<MASS_OFFSET>0.1036099,0.007394475,0.03262728</MASS_OFFSET>
				<INERTIA>1.291083e-007,0,0,1.291083e-007,0,1.291083e-007</INERTIA>
				<LIN_DAMP>0</LIN_DAMP>
				<ANG_DAMP>3</ANG_DAMP>
				<FAST_SPIN>0,1,0</FAST_SPIN>
				<USE_FAST_SPIN>0</USE_FAST_SPIN>
			</DYNAMICS>
		</MODEL>
		<MODEL id="bip01 l forearm" type="dynamics_and_geometry" geometry="bip01 l forearm">
			<DYNAMICS>
				<MASS>0.01187797</MASS>
				<DENSITY>1</DENSITY>
				<MASS_OFFSET>0.1496164,1.877994e-008,-5.650818e-008</MASS_OFFSET>
				<INERTIA>4.131467e-007,-0,0,2.349772e-006,-0,2.349772e-006</INERTIA>
				<LIN_DAMP>0</LIN_DAMP>
				<ANG_DAMP>3</ANG_DAMP>
				<FAST_SPIN>0,1,0</FAST_SPIN>
				<USE_FAST_SPIN>0</USE_FAST_SPIN>
			</DYNAMICS>
		</MODEL>
		<MODEL id="bip01 l thigh" type="dynamics_and_geometry" geometry="bip01 l thigh">
			<DYNAMICS>
				<MASS>0.06713634</MASS>
				<DENSITY>1</DENSITY>
				<MASS_OFFSET>0.2659589,3.447687e-009,2.974823e-008</MASS_OFFSET>
				<INERTIA>4.854474e-006,0,-0,3.129587e-005,0,3.129587e-005</INERTIA>
				<LIN_DAMP>0</LIN_DAMP>
				<ANG_DAMP>3</ANG_DAMP>
				<FAST_SPIN>0,1,0</FAST_SPIN>
				<USE_FAST_SPIN>0</USE_FAST_SPIN>
			</DYNAMICS>
		</MODEL>
		<MODEL id="bip01 l upperarm" type="dynamics_and_geometry" geometry="bip01 l upperarm">
			<DYNAMICS>
				<MASS>0.02401415</MASS>
				<DENSITY>1</DENSITY>
				<MASS_OFFSET>0.1622896,1.744083e-008,-6.380657e-008</MASS_OFFSET>
				<INERTIA>4.389685e-007,-0,-0,2.78874e-006,0,2.78874e-006</INERTIA>
				<LIN_DAMP>0</LIN_DAMP>
				<ANG_DAMP>3</ANG_DAMP>
				<FAST_SPIN>0,1,0</FAST_SPIN>
				<USE_FAST_SPIN>0</USE_FAST_SPIN>
			</DYNAMICS>
		</MODEL>
		<MODEL id="bip01 neck" type="dynamics_and_geometry" geometry="bip01 neck">
			<DYNAMICS>
				<MASS>0.102512</MASS>
				<DENSITY>1</DENSITY>
				<MASS_OFFSET>0.1634043,0,0</MASS_OFFSET>
				<INERTIA>1.213618e-006,0,0,1.213618e-006,0,1.213618e-006</INERTIA>
				<LIN_DAMP>0</LIN_DAMP>
				<ANG_DAMP>3</ANG_DAMP>
				<FAST_SPIN>0,1,0</FAST_SPIN>
				<USE_FAST_SPIN>0</USE_FAST_SPIN>
			</DYNAMICS>
		</MODEL>
		<MODEL id="bip01 pelvis" type="dynamics_and_geometry" geometry="bip01 pelvis">
			<DYNAMICS>
				<MASS>0.15493</MASS>
				<DENSITY>1</DENSITY>
				<MASS_OFFSET>0.02944162,-0.01465841,0.01452879</MASS_OFFSET>
				<INERTIA>1.781695e-006,0,0,1.781695e-006,0,1.781695e-006</INERTIA>
				<LIN_DAMP>0</LIN_DAMP>
				<ANG_DAMP>3</ANG_DAMP>
				<FAST_SPIN>0,1,0</FAST_SPIN>
				<USE_FAST_SPIN>0</USE_FAST_SPIN>
			</DYNAMICS>
		</MODEL>
		<MODEL id="bip01 r calf" type="dynamics_and_geometry" geometry="bip01 l calf">
			<DYNAMICS>
				<MASS>0.03176065</MASS>
				<DENSITY>1</DENSITY>
				<MASS_OFFSET>0.2777767,3.770519e-009,-3.535008e-009</MASS_OFFSET>
				<INERTIA>3.511747e-006,-0,0,2.734515e-005,0,2.734515e-005</INERTIA>
				<LIN_DAMP>0</LIN_DAMP>
				<ANG_DAMP>3</ANG_DAMP>
				<FAST_SPIN>0,1,0</FAST_SPIN>
				<USE_FAST_SPIN>0</USE_FAST_SPIN>
			</DYNAMICS>
		</MODEL>
		<MODEL id="bip01 r clavicle" type="dynamics_only" geometry="bip01 r clavicle">
			<DYNAMICS>
				<MASS>0.006455417</MASS>
				<DENSITY>1</DENSITY>
				<MASS_OFFSET>0.1021735,0.007209412,-0.0323388</MASS_OFFSET>
				<INERTIA>1.291083e-007,0,0,1.291083e-007,0,1.291083e-007</INERTIA>
				<LIN_DAMP>0</LIN_DAMP>
				<ANG_DAMP>3</ANG_DAMP>
				<FAST_SPIN>0,1,0</FAST_SPIN>
				<USE_FAST_SPIN>0</USE_FAST_SPIN>
			</DYNAMICS>
		</MODEL>
		<MODEL id="bip01 r forearm" type="dynamics_and_geometry" geometry="bip01 l forearm">
			<DYNAMICS>
				<MASS>0.01187797</MASS>
				<DENSITY>1</DENSITY>
				<MASS_OFFSET>0.1496164,1.877994e-008,-5.650818e-008</MASS_OFFSET>
				<INERTIA>4.131467e-007,-0,0,2.349772e-006,-0,2.349772e-006</INERTIA>
				<LIN_DAMP>0</LIN_DAMP>
				<ANG_DAMP>3</ANG_DAMP>
				<FAST_SPIN>0,1,0</FAST_SPIN>
				<USE_FAST_SPIN>0</USE_FAST_SPIN>
			</DYNAMICS>
		</MODEL>
		<MODEL id="bip01 r thigh" type="dynamics_and_geometry" geometry="bip01 l thigh">
			<DYNAMICS>
				<MASS>0.06713634</MASS>
				<DENSITY>1</DENSITY>
				<MASS_OFFSET>0.2659589,3.447687e-009,2.974823e-008</MASS_OFFSET>
				<INERTIA>4.854474e-006,0,-0,3.129587e-005,0,3.129587e-005</INERTIA>
				<LIN_DAMP>0</LIN_DAMP>
				<ANG_DAMP>3</ANG_DAMP>
				<FAST_SPIN>0,1,0</FAST_SPIN>
				<USE_FAST_SPIN>0</USE_FAST_SPIN>
			</DYNAMICS>
		</MODEL>
		<MODEL id="bip01 r upperarm" type="dynamics_and_geometry" geometry="bip01 l upperarm">
			<DYNAMICS>
				<MASS>0.02401415</MASS>
				<DENSITY>1</DENSITY>
				<MASS_OFFSET>0.1622896,1.744083e-008,-6.380657e-008</MASS_OFFSET>
				<INERTIA>4.389685e-007,-0,-0,2.78874e-006,0,2.78874e-006</INERTIA>
				<LIN_DAMP>0</LIN_DAMP>
				<ANG_DAMP>3</ANG_DAMP>
				<FAST_SPIN>0,1,0</FAST_SPIN>
				<USE_FAST_SPIN>0</USE_FAST_SPIN>
			</DYNAMICS>
		</MODEL>
		<MODEL id="bip01 spine" type="dynamics_only" geometry="bip01 spine">
			<DYNAMICS>
				<MASS>0.06455417</MASS>
				<DENSITY>1</DENSITY>
				<MASS_OFFSET>0.06896109,5.362639e-005,-1.679554e-009</MASS_OFFSET>
				<INERTIA>8.004718e-007,0,0,1.497657e-006,0,1.497657e-006</INERTIA>
				<LIN_DAMP>0</LIN_DAMP>
				<ANG_DAMP>3</ANG_DAMP>
				<FAST_SPIN>0,1,0</FAST_SPIN>
				<USE_FAST_SPIN>0</USE_FAST_SPIN>
			</DYNAMICS>
		</MODEL>
		<MODEL id="bip01 spine1" type="dynamics_and_geometry" geometry="bip01 spine1">
			<DYNAMICS>
				<MASS>0.2453059</MASS>
				<DENSITY>1</DENSITY>
				<MASS_OFFSET>0.1098054,5.159806e-005,1.280532e-009</MASS_OFFSET>
				<INERTIA>5.190156e-006,-0,-0,8.443685e-006,-0,8.443685e-006</INERTIA>
				<LIN_DAMP>0</LIN_DAMP>
				<ANG_DAMP>3</ANG_DAMP>
				<FAST_SPIN>0,1,0</FAST_SPIN>
				<USE_FAST_SPIN>0</USE_FAST_SPIN>
			</DYNAMICS>
		</MODEL>
		<MODEL id="bip01 spine2" type="dynamics_only" geometry="bip01 spine2">
			<DYNAMICS>
				<MASS>0.0002088765</MASS>
				<DENSITY>1</DENSITY>
				<MASS_OFFSET>0.06898662,2.69752e-005,-2.387767e-009</MASS_OFFSET>
				<INERTIA>9.989833e-007,-2.981899e-010,3.053665e-014,1.760803e-006,-1.984352e-015,1.760802e-006</INERTIA>
				<LIN_DAMP>0</LIN_DAMP>
				<ANG_DAMP>3</ANG_DAMP>
				<FAST_SPIN>0,1,0</FAST_SPIN>
				<USE_FAST_SPIN>0</USE_FAST_SPIN>
			</DYNAMICS>
		</MODEL>
		<PART id="bip01 l calf" model="bip01 l calf" parent="bip01 l thigh">
			<TM>0.2183456,-0.78541,-0.5791858,0,0.04285889,-0.5852157,0.8097442,0,-0.9749299,-0.2016273,-0.09411746,0,0.2211579,0.8797292,-0.3826891,1</TM>
		</PART>
		<PART id="bip01 l clavicle" model="bip01 l clavicle" parent="bip01 neck">
			<TM>0.9723228,-0.2009821,0.1191415,0,0.12546,0.01895237,-0.9919176,0,0.1970997,0.9794115,0.04364304,0,0.05706777,1.776118,-0.08918902,1</TM>
		</PART>
		<PART id="bip01 l forearm" model="bip01 l forearm" parent="bip01 l upperarm">
			<TM>0.436655,0.08132174,-0.895946,0,-0.8768378,0.2612211,-0.4036323,0,0.201216,0.9618474,0.1853695,0,0.3619958,1.763018,-0.3368959,1</TM>
		</PART>
		<PART id="bip01 l thigh" model="bip01 l thigh" parent="bip01 pelvis">
			<TM>0.2097998,-0.692032,-0.6907067,0,0.07413305,-0.6931365,0.716984,0,-0.9749299,-0.2016273,-0.09411748,0,0.1095616,1.247834,-0.01528925,1</TM>
		</PART>
		<PART id="bip01 l upperarm" model="bip01 l upperarm" parent="bip01 l clavicle">
			<TM>0.5912957,0.03160523,-0.8058353,0,-0.7809492,0.2717549,-0.5623767,0,0.2012156,0.9618474,0.1853696,0,0.1700759,1.75276,-0.07534185,1</TM>
		</PART>
		<PART id="bip01 neck" model="bip01 neck" parent="bip01 spine2">
			<TM>-3.714389e-007,0.9007708,-0.4342948,0,1.114533e-006,0.4342948,0.9007708,0,0.9999999,-1.494545e-007,-1.165253e-006,0,-0.0006231148,1.776144,-0.08913454,1</TM>
		</PART>
		<PART id="bip01 pelvis" model="bip01 pelvis" parent="bip01">
			<TM>-1.193162e-006,0.9955531,-0.09420217,0,-2.84806e-006,0.09420217,0.9955531,0,1,1.45615e-006,2.722996e-006,0,-0.0006229476,1.247834,-0.01528957,1</TM>
		</PART>
		<PART id="bip01 r calf" model="bip01 r calf" parent="bip01 r thigh">
			<TM>-0.2183438,-0.7854102,-0.5791863,0,-0.04286144,-0.5852155,0.8097442,0,-0.9749302,0.2016273,0.09411435,0,-0.2224023,0.8797305,-0.3826881,1</TM>
		</PART>
		<PART id="bip01 r clavicle" model="bip01 r clavicle" parent="bip01 neck">
			<TM>-0.9723225,-0.2009848,0.1191393,0,-0.1254578,0.01895187,-0.9919179,0,0.1971025,-0.979411,-0.04364243,0,-0.05831391,1.776118,-0.08918925,1</TM>
		</PART>
		<PART id="bip01 r forearm" model="bip01 r forearm" parent="bip01 r upperarm">
			<TM>-0.436653,0.08132041,-0.895947,0,0.876838,0.261224,-0.40363,0,0.2012195,-0.9618466,-0.1853691,0,-0.3632392,1.763016,-0.3368955,1</TM>
		</PART>
		<PART id="bip01 r thigh" model="bip01 r thigh" parent="bip01 pelvis">
			<TM>-0.2097978,-0.6920322,-0.6907071,0,-0.07413529,-0.6931362,0.716984,0,-0.9749302,0.2016274,0.09411444,0,-0.1108075,1.247834,-0.01528958,1</TM>
		</PART>
		<PART id="bip01 r upperarm" model="bip01 r upperarm" parent="bip01 r clavicle">
			<TM>-0.5912941,0.03160325,-0.8058365,0,0.7809495,0.2717575,-0.5623751,0,0.2012192,-0.9618467,-0.1853691,0,-0.1713211,1.752759,-0.07534248,1</TM>
		</PART>
		<PART id="bip01 spine" model="bip01 spine" parent="bip01 pelvis">
			<TM>2.737782e-007,0.9891418,-0.1469641,0,1.327868e-006,0.1469641,0.9891418,0,1,-4.659543e-007,-1.273214e-006,0,-0.0006229272,1.371289,-0.02686084,1</TM>
		</PART>
		<PART id="bip01 spine1" model="bip01 spine1" parent="bip01 spine">
			<TM>-5.783637e-007,0.9457965,-0.32476,0,1.171304e-006,0.32476,0.9457965,0,1,1.666217e-007,-1.295645e-006,0,-0.0006228928,1.507728,-0.04702459,1</TM>
		</PART>
		<PART id="bip01 spine2" model="bip01 spine2" parent="bip01 spine1">
			<TM>-1.017908e-006,0.9998324,0.01830717,0,1.429197e-006,-0.01830717,0.9998324,0,0.9999999,1.043902e-006,-1.410322e-006,0,-0.0006229698,1.638196,-0.09171461,1</TM>
		</PART>
		<NO_COLLISION part1="bip01 l calf" part2="bip01 l thigh"></NO_COLLISION>
		<NO_COLLISION part1="bip01 l clavicle" part2="bip01 l upperarm"></NO_COLLISION>
		<NO_COLLISION part1="bip01 l clavicle" part2="bip01 neck"></NO_COLLISION>
		<NO_COLLISION part1="bip01 l forearm" part2="bip01 l upperarm"></NO_COLLISION>
		<NO_COLLISION part1="bip01 l thigh" part2="bip01 pelvis"></NO_COLLISION>
		<NO_COLLISION part1="bip01 l thigh" part2="bip01 r thigh"></NO_COLLISION>
		<NO_COLLISION part1="bip01 l upperarm" part2="bip01 spine1"></NO_COLLISION>
		<NO_COLLISION part1="bip01 neck" part2="bip01 r clavicle"></NO_COLLISION>
		<NO_COLLISION part1="bip01 neck" part2="bip01 spine1"></NO_COLLISION>
		<NO_COLLISION part1="bip01 neck" part2="bip01 spine2"></NO_COLLISION>
		<NO_COLLISION part1="bip01 pelvis" part2="bip01 r thigh"></NO_COLLISION>
		<NO_COLLISION part1="bip01 pelvis" part2="bip01 spine"></NO_COLLISION>
		<NO_COLLISION part1="bip01 pelvis" part2="bip01 spine1"></NO_COLLISION>
		<NO_COLLISION part1="bip01 r calf" part2="bip01 r thigh"></NO_COLLISION>
		<NO_COLLISION part1="bip01 r clavicle" part2="bip01 r upperarm"></NO_COLLISION>
		<NO_COLLISION part1="bip01 r forearm" part2="bip01 r upperarm"></NO_COLLISION>
		<NO_COLLISION part1="bip01 r upperarm" part2="bip01 spine1"></NO_COLLISION>
		<NO_COLLISION part1="bip01 spine" part2="bip01 spine1"></NO_COLLISION>
		<NO_COLLISION part1="bip01 spine1" part2="bip01 spine2"></NO_COLLISION>
		<JOINT id="bip01 l calf" part1="bip01 l calf" part2="bip01 l thigh" type="hinge">
			<HIGH_LIMIT>2.26893</HIGH_LIMIT>
			<LOW_LIMIT>0</LOW_LIMIT>
			<HIGH_STIFFNESS>100</HIGH_STIFFNESS>
			<LOW_STIFFNESS>1000</LOW_STIFFNESS>
			<LIMITED>1</LIMITED>
			<MOTORIZED>0</MOTORIZED>
			<DES_VEL>1</DES_VEL>
			<MAX_FORCE>1000</MAX_FORCE>
			<POS1>0,0,0</POS1>
			<POS2>0.5319187,-8.814747e-008,1.38316e-007</POS2>
			<PRIMARY_AXIS1>7.993606e-015,-1.192093e-007,1</PRIMARY_AXIS1>
			<PRIMARY_AXIS2>-3.094939e-008,-1.231124e-007,0.9999999</PRIMARY_AXIS2>
			<ORTHOGONAL_AXIS1>1,6.273137e-008,-5.960464e-008</ORTHOGONAL_AXIS1>
			<ORTHOGONAL_AXIS2>0.9893851,0.1453159,-1.313788e-008</ORTHOGONAL_AXIS2>
		</JOINT>
		<JOINT id="bip01 l clavicle" part1="bip01 l clavicle" part2="bip01 neck" type="hinge">
			<HIGH_LIMIT>0.05</HIGH_LIMIT>
			<LOW_LIMIT>-0.05</LOW_LIMIT>
			<HIGH_STIFFNESS>1000</HIGH_STIFFNESS>
			<LOW_STIFFNESS>1000</LOW_STIFFNESS>
			<LIMITED>1</LIMITED>
			<MOTORIZED>0</MOTORIZED>
			<DES_VEL>1</DES_VEL>
			<MAX_FORCE>1000</MAX_FORCE>
			<POS1>0,0,0</POS1>
			<POS2>2.431931e-007,-6.033067e-005,0.05769087</POS2>
			<PRIMARY_AXIS1>-8.940697e-008,1,0</PRIMARY_AXIS1>
			<PRIMARY_AXIS2>0.4478563,-0.8852593,0.125461</PRIMARY_AXIS2>
			<ORTHOGONAL_AXIS1>0,-2.980232e-008,1</ORTHOGONAL_AXIS1>
			<ORTHOGONAL_AXIS2>0.8632713,0.4646659,0.1970993</ORTHOGONAL_AXIS2>
		</JOINT>
		<JOINT id="bip01 l forearm" part1="bip01 l forearm" part2="bip01 l upperarm" type="hinge">
			<HIGH_LIMIT>2.61799</HIGH_LIMIT>
			<LOW_LIMIT>-0.167024</LOW_LIMIT>
			<HIGH_STIFFNESS>100</HIGH_STIFFNESS>
			<LOW_STIFFNESS>1000</LOW_STIFFNESS>
			<LIMITED>1</LIMITED>
			<MOTORIZED>0</MOTORIZED>
			<DES_VEL>1</DES_VEL>
			<MAX_FORCE>1000</MAX_FORCE>
			<POS1>0,0,0</POS1>
			<POS2>0.3245751,-1.2101e-007,-4.465157e-007</POS2>
			<PRIMARY_AXIS1>7.993606e-015,-1.192093e-007,1</PRIMARY_AXIS1>
			<PRIMARY_AXIS2>2.213775e-007,-2.327965e-007,0.9999999</PRIMARY_AXIS2>
			<ORTHOGONAL_AXIS1>1,6.273137e-008,-5.960464e-008</ORTHOGONAL_AXIS1>
			<ORTHOGONAL_AXIS2>0.9827468,0.1849534,-2.503792e-007</ORTHOGONAL_AXIS2>
		</JOINT>
		<JOINT id="bip01 l thigh" part1="bip01 l thigh" part2="bip01 pelvis" type="skeletal">
			<CONE_TYPE>2</CONE_TYPE>
			<CONE_HALF_ANGLE_X>1.309</CONE_HALF_ANGLE_X>
			<CONE_HALF_ANGLE_Y>0.523599</CONE_HALF_ANGLE_Y>
			<CONE_STIFFNESS>1000</CONE_STIFFNESS>
			<CONE_DAMPING>1</CONE_DAMPING>
			<TWIST_TYPE>1</TWIST_TYPE>
			<TWIST_HALF_ANGLE>0.261799</TWIST_HALF_ANGLE>
			<TWIST_STIFFNESS>1000</TWIST_STIFFNESS>
			<TWIST_DAMPING>1</TWIST_DAMPING>
			<POS1>0,0,0</POS1>
			<POS2>-2.04998e-007,3.891619e-009,0.1101846</POS2>
			<PRIMARY_AXIS1>1,0,0</PRIMARY_AXIS1>
			<PRIMARY_AXIS2>-0.6238887,-0.7528266,0.2097969</PRIMARY_AXIS2>
			<ORTHOGONAL_AXIS1>0,1,0</ORTHOGONAL_AXIS1>
			<ORTHOGONAL_AXIS2>-0.7575956,0.6485006,0.07413398</ORTHOGONAL_AXIS2>
		</JOINT>
		<JOINT id="bip01 l upperarm" part1="bip01 l upperarm" part2="bip01 l clavicle" type="skeletal">
			<CONE_TYPE>2</CONE_TYPE>
			<CONE_HALF_ANGLE_X>1.13446</CONE_HALF_ANGLE_X>
			<CONE_HALF_ANGLE_Y>1.570796</CONE_HALF_ANGLE_Y>
			<CONE_STIFFNESS>1000</CONE_STIFFNESS>
			<CONE_DAMPING>1</CONE_DAMPING>
			<TWIST_TYPE>1</TWIST_TYPE>
			<TWIST_HALF_ANGLE>0.57</TWIST_HALF_ANGLE>
			<TWIST_STIFFNESS>1000</TWIST_STIFFNESS>
			<TWIST_DAMPING>1</TWIST_DAMPING>
			<POS1>0,0,0</POS1>
			<POS2>0.1162247,6.12003e-008,1.123059e-006</POS2>
			<PRIMARY_AXIS1>1,0,0</PRIMARY_AXIS1>
			<PRIMARY_AXIS2>0.4725695,0.8741049,0.1123295</PRIMARY_AXIS2>
			<ORTHOGONAL_AXIS1>0,1,0</ORTHOGONAL_AXIS1>
			<ORTHOGONAL_AXIS2>-0.8809544,0.4650038,0.08769126</ORTHOGONAL_AXIS2>
		</JOINT>
		<JOINT id="bip01 neck" part1="bip01 neck" part2="bip01 spine2" type="hinge">
			<HIGH_LIMIT>0.9</HIGH_LIMIT>
			<LOW_LIMIT>-0.9</LOW_LIMIT>
			<HIGH_STIFFNESS>1000</HIGH_STIFFNESS>
			<LOW_STIFFNESS>1000</LOW_STIFFNESS>
			<LIMITED>1</LIMITED>
			<MOTORIZED>0</MOTORIZED>
			<DES_VEL>1</DES_VEL>
			<MAX_FORCE>1000</MAX_FORCE>
			<POS1>0,0,0</POS1>
			<POS2>0.1379721,5.41994e-005,-4.607196e-009</POS2>
			<PRIMARY_AXIS1>7.993606e-015,-1.192093e-007,1</PRIMARY_AXIS1>
			<PRIMARY_AXIS2>-1.242399e-006,1.604607e-007,0.9999998</PRIMARY_AXIS2>
			<ORTHOGONAL_AXIS1>1,6.273137e-008,-5.960464e-008</ORTHOGONAL_AXIS1>
			<ORTHOGONAL_AXIS2>0.8926692,-0.4507125,1.121769e-006</ORTHOGONAL_AXIS2>
		</JOINT>
		<JOINT id="bip01 r calf" part1="bip01 r calf" part2="bip01 r thigh" type="hinge">
			<HIGH_LIMIT>2.26893</HIGH_LIMIT>
			<LOW_LIMIT>0</LOW_LIMIT>
			<HIGH_STIFFNESS>100</HIGH_STIFFNESS>
			<LOW_STIFFNESS>1000</LOW_STIFFNESS>
			<LIMITED>1</LIMITED>
			<MOTORIZED>0</MOTORIZED>
			<DES_VEL>1</DES_VEL>
			<MAX_FORCE>1000</MAX_FORCE>
			<POS1>0,0,0</POS1>
			<POS2>0.5319166,1.087248e-007,-1.365569e-007</POS2>
			<PRIMARY_AXIS1>7.993606e-015,-1.192093e-007,1</PRIMARY_AXIS1>
			<PRIMARY_AXIS2>1.404818e-007,-1.395242e-007,0.9999999</PRIMARY_AXIS2>
			<ORTHOGONAL_AXIS1>1,6.273137e-008,-5.960464e-008</ORTHOGONAL_AXIS1>
			<ORTHOGONAL_AXIS2>0.9893853,0.145316,-1.911269e-007</ORTHOGONAL_AXIS2>
		</JOINT>
		<JOINT id="bip01 r clavicle" part1="bip01 r clavicle" part2="bip01 neck" type="hinge">
			<HIGH_LIMIT>0.05</HIGH_LIMIT>
			<LOW_LIMIT>-0.05</LOW_LIMIT>
			<HIGH_STIFFNESS>1000</HIGH_STIFFNESS>
			<LOW_STIFFNESS>1000</LOW_STIFFNESS>
			<LIMITED>1</LIMITED>
			<MOTORIZED>0</MOTORIZED>
			<DES_VEL>1</DES_VEL>
			<MAX_FORCE>1000</MAX_FORCE>
			<POS1>0,0,0</POS1>
			<POS2>3.863586e-007,-6.066731e-005,-0.05769079</POS2>
			<PRIMARY_AXIS1>-8.940697e-008,1,0</PRIMARY_AXIS1>
			<PRIMARY_AXIS2>0.4478561,-0.88526,-0.1254564</PRIMARY_AXIS2>
			<ORTHOGONAL_AXIS1>0,-2.980232e-008,1</ORTHOGONAL_AXIS1>
			<ORTHOGONAL_AXIS2>-0.8632712,-0.4646647,0.1971025</ORTHOGONAL_AXIS2>
		</JOINT>
		<JOINT id="bip01 r forearm" part1="bip01 r forearm" part2="bip01 r upperarm" type="hinge">
			<HIGH_LIMIT>2.61799</HIGH_LIMIT>
			<LOW_LIMIT>-0.167024</LOW_LIMIT>
			<HIGH_STIFFNESS>100</HIGH_STIFFNESS>
			<LOW_STIFFNESS>1000</LOW_STIFFNESS>
			<LIMITED>1</LIMITED>
			<MOTORIZED>0</MOTORIZED>
			<DES_VEL>1</DES_VEL>
			<MAX_FORCE>1000</MAX_FORCE>
			<POS1>0,0,0</POS1>
			<POS2>0.324573,1.249221e-007,4.978452e-007</POS2>
			<PRIMARY_AXIS1>7.993606e-015,-1.192093e-007,1</PRIMARY_AXIS1>
			<PRIMARY_AXIS2>-1.149959e-007,-2.47231e-009,0.9999993</PRIMARY_AXIS2>
			<ORTHOGONAL_AXIS1>1,6.273137e-008,-5.960464e-008</ORTHOGONAL_AXIS1>
			<ORTHOGONAL_AXIS2>0.9827464,0.1849539,1.919968e-007</ORTHOGONAL_AXIS2>
		</JOINT>
		<JOINT id="bip01 r thigh" part1="bip01 r thigh" part2="bip01 pelvis" type="skeletal">
			<CONE_TYPE>2</CONE_TYPE>
			<CONE_HALF_ANGLE_X>1.309</CONE_HALF_ANGLE_X>
			<CONE_HALF_ANGLE_Y>0.523599</CONE_HALF_ANGLE_Y>
			<CONE_STIFFNESS>1000</CONE_STIFFNESS>
			<CONE_DAMPING>1</CONE_DAMPING>
			<TWIST_TYPE>1</TWIST_TYPE>
			<TWIST_HALF_ANGLE>0.261799</TWIST_HALF_ANGLE>
			<TWIST_STIFFNESS>1000</TWIST_STIFFNESS>
			<TWIST_DAMPING>1</TWIST_DAMPING>
			<POS1>0,0,0</POS1>
			<POS2>8.908309e-008,3.023667e-007,-0.1101846</POS2>
			<PRIMARY_AXIS1>1,0,0</PRIMARY_AXIS1>
			<PRIMARY_AXIS2>-0.6238884,-0.752826,-0.2098007</PRIMARY_AXIS2>
			<ORTHOGONAL_AXIS1>0,1,0</ORTHOGONAL_AXIS1>
			<ORTHOGONAL_AXIS2>-0.7575953,0.6485009,-0.07413436</ORTHOGONAL_AXIS2>
		</JOINT>
		<JOINT id="bip01 r upperarm" part1="bip01 r upperarm" part2="bip01 r clavicle" type="skeletal">
			<CONE_TYPE>2</CONE_TYPE>
			<CONE_HALF_ANGLE_X>1.13446</CONE_HALF_ANGLE_X>
			<CONE_HALF_ANGLE_Y>1.570796</CONE_HALF_ANGLE_Y>
			<CONE_STIFFNESS>1000</CONE_STIFFNESS>
			<CONE_DAMPING>1</CONE_DAMPING>
			<TWIST_TYPE>1</TWIST_TYPE>
			<TWIST_HALF_ANGLE>0.57</TWIST_HALF_ANGLE>
			<TWIST_STIFFNESS>1000</TWIST_STIFFNESS>
			<TWIST_DAMPING>1</TWIST_DAMPING>
			<POS1>0,0,0</POS1>
			<POS2>0.1162239,7.101602e-008,-4.532553e-007</POS2>
			<PRIMARY_AXIS1>1,0,0</PRIMARY_AXIS1>
			<PRIMARY_AXIS2>0.4725696,0.8741045,-0.1123293</PRIMARY_AXIS2>
			<ORTHOGONAL_AXIS1>0,1,0</ORTHOGONAL_AXIS1>
			<ORTHOGONAL_AXIS2>-0.8809539,0.465004,-0.08769179</ORTHOGONAL_AXIS2>
		</JOINT>
		<JOINT id="bip01 spine" part1="bip01 spine" part2="bip01 pelvis" type="skeletal">
			<CONE_TYPE>2</CONE_TYPE>
			<CONE_HALF_ANGLE_X>0.6</CONE_HALF_ANGLE_X>
			<CONE_HALF_ANGLE_Y>0.4</CONE_HALF_ANGLE_Y>
			<CONE_STIFFNESS>500</CONE_STIFFNESS>
			<CONE_DAMPING>1</CONE_DAMPING>
			<TWIST_TYPE>1</TWIST_TYPE>
			<TWIST_HALF_ANGLE>0.2</TWIST_HALF_ANGLE>
			<TWIST_STIFFNESS>1000</TWIST_STIFFNESS>
			<TWIST_DAMPING>1</TWIST_DAMPING>
			<POS1>0,0,0</POS1>
			<POS2>0.123996,0.0001099218,1.686407e-007</POS2>
			<PRIMARY_AXIS1>1,0,0</PRIMARY_AXIS1>
			<PRIMARY_AXIS2>0.9985875,-0.05313126,1.313934e-006</PRIMARY_AXIS2>
			<ORTHOGONAL_AXIS1>0,1,0</ORTHOGONAL_AXIS1>
			<ORTHOGONAL_AXIS2>0.05313126,0.9985875,4.235299e-006</ORTHOGONAL_AXIS2>
		</JOINT>
		<JOINT id="bip01 spine1" part1="bip01 spine1" part2="bip01 spine" type="skeletal">
			<CONE_TYPE>2</CONE_TYPE>
			<CONE_HALF_ANGLE_X>0.15</CONE_HALF_ANGLE_X>
			<CONE_HALF_ANGLE_Y>0.1</CONE_HALF_ANGLE_Y>
			<CONE_STIFFNESS>500</CONE_STIFFNESS>
			<CONE_DAMPING>1</CONE_DAMPING>
			<TWIST_TYPE>1</TWIST_TYPE>
			<TWIST_HALF_ANGLE>0.05</TWIST_HALF_ANGLE>
			<TWIST_STIFFNESS>1000</TWIST_STIFFNESS>
			<TWIST_DAMPING>1</TWIST_DAMPING>
			<POS1>0,0,0</POS1>
			<POS2>0.1379208,0.0001068302,-3.481726e-009</POS2>
			<PRIMARY_AXIS1>1,0,0</PRIMARY_AXIS1>
			<PRIMARY_AXIS2>0.9832549,-0.1822356,-6.055728e-007</PRIMARY_AXIS2>
			<ORTHOGONAL_AXIS1>0,1,0</ORTHOGONAL_AXIS1>
			<ORTHOGONAL_AXIS2>0.1822356,0.9832549,-1.842206e-007</ORTHOGONAL_AXIS2>
		</JOINT>
		<JOINT id="bip01 spine2" part1="bip01 spine2" part2="bip01 spine1" type="skeletal">
			<CONE_TYPE>2</CONE_TYPE>
			<CONE_HALF_ANGLE_X>0.15</CONE_HALF_ANGLE_X>
			<CONE_HALF_ANGLE_Y>0.1</CONE_HALF_ANGLE_Y>
			<CONE_STIFFNESS>500</CONE_STIFFNESS>
			<CONE_DAMPING>1</CONE_DAMPING>
			<TWIST_TYPE>1</TWIST_TYPE>
			<TWIST_HALF_ANGLE>0.05</TWIST_HALF_ANGLE>
			<TWIST_STIFFNESS>1000</TWIST_STIFFNESS>
			<TWIST_DAMPING>1</TWIST_DAMPING>
			<POS1>0,0,0</POS1>
			<POS2>0.1379099,0.0001031612,2.612204e-009</POS2>
			<PRIMARY_AXIS1>1,0,0</PRIMARY_AXIS1>
			<PRIMARY_AXIS2>0.9396926,0.3420204,-8.750341e-007</PRIMARY_AXIS2>
			<ORTHOGONAL_AXIS1>0,1,0</ORTHOGONAL_AXIS1>
			<ORTHOGONAL_AXIS2>-0.3420204,0.9396926,1.30719e-007</ORTHOGONAL_AXIS2>
		</JOINT>
	</ASSET>
	<ASSET id="Female2" graphic="MercFemaleA.psk" scale="0.0096" mass_scale="1" length_scale="1">
		<GEOMETRY id="bip01 head">
			<PRIMITIVE id="bip01 head_1" type="sphere">
				<RADIUS>0.1349665</RADIUS>
				<TM>1,0,0,0,0,1,0,0,0,0,1,0,0.1192696,0.02983061,0.0007384277,1</TM>
			</PRIMITIVE>
		</GEOMETRY>
		<GEOMETRY id="bip01 l calf">
			<PRIMITIVE id="bip01 l calf_1" type="sphyl">
				<RADIUS>0.105642</RADIUS>
				<HEIGHT>0.45</HEIGHT>
				<TM>1.312775e-008,-1,-0.0003553345,0,-4.446275e-008,0.0003553341,-0.9999998,0,1,2.931181e-008,-3.275166e-008,0,0.2777767,3.770519e-009,-3.535008e-009,1</TM>
			</PRIMITIVE>
		</GEOMETRY>
		<GEOMETRY id="bip01 l clavicle">
			<PRIMITIVE id="bip01 l clavicle_1" type="sphere">
				<RADIUS>0.06418185</RADIUS>
				<TM>1,0,0,0,0,1,0,0,0,0,1,0,0.1036099,0.007394475,0.03262728,1</TM>
			</PRIMITIVE>
		</GEOMETRY>
		<GEOMETRY id="bip01 l finger0">
			<PRIMITIVE id="bip01 l finger0_1" type="sphyl">
				<RADIUS>0.03259169</RADIUS>
				<HEIGHT>0.04862343</HEIGHT>
				<TM>-1.153381e-006,-0.9998263,0.01862723,0,1.29873e-007,-0.01862717,-0.9998264,0,0.9999999,-1.449116e-006,1.446526e-007,0,0.02431171,-3.782904e-008,1.166982e-009,1</TM>
			</PRIMITIVE>
		</GEOMETRY>
		<GEOMETRY id="bip01 l foot">
			<PRIMITIVE id="bip01 l foot_1" type="sphyl">
				<RADIUS>0.07125455</RADIUS>
				<HEIGHT>0.2309975</HEIGHT>
				<TM>-0.6935193,-0.720438,1.088569e-006,0,-7.965029e-007,-7.37548e-007,-0.9999999,0,0.720438,-0.6935193,-6.447317e-008,0,0.0832097,-0.08010062,8.585983e-012,1</TM>
			</PRIMITIVE>
		</GEOMETRY>
		<GEOMETRY id="bip01 l forearm">
			<PRIMITIVE id="bip01 l forearm_1" type="sphyl">
				<RADIUS>0.07148936</RADIUS>
				<HEIGHT>0.299233</HEIGHT>
				<TM>-3.492948e-007,0.1267419,-0.9919357,0,-6.526239e-009,0.9919357,0.1267419,0,0.9999998,1.267898e-007,-5.41298e-007,0,0.1496164,1.877994e-008,-5.650818e-008,1</TM>
			</PRIMITIVE>
		</GEOMETRY>
		<GEOMETRY id="bip01 l hand">
			<PRIMITIVE id="bip01 l hand_1" type="sphyl">
				<RADIUS>0.05631578</RADIUS>
				<HEIGHT>0.08362864</HEIGHT>
				<TM>5.991447e-008,-0.9998409,0.01783121,0,9.028796e-008,-0.01783115,-0.999841,0,0.9999999,-2.126708e-007,8.174901e-008,0,0.0418143,1.043779e-008,-4.505878e-010,1</TM>
			</PRIMITIVE>
		</GEOMETRY>
		<GEOMETRY id="bip01 l thigh">
			<PRIMITIVE id="bip01 l thigh_1" type="sphyl">
				<RADIUS>0.1149784</RADIUS>
				<HEIGHT>0.5319178</HEIGHT>
				<TM>-4.729819e-008,-0.01509304,0.999886,0,-1.350527e-010,-0.9998862,-0.01509304,0,1,1.131122e-008,5.914042e-008,0,0.2659589,3.447687e-009,2.974823e-008,1</TM>
			</PRIMITIVE>
		</GEOMETRY>
		<GEOMETRY id="bip01 l toe0">
			<PRIMITIVE id="bip01 l toe0_1" type="sphyl">
				<RADIUS>0.05876916</RADIUS>
				<HEIGHT>0.1319761</HEIGHT>
				<TM>-2.916734e-008,-0.9999999,1.218636e-008,0,-7.047574e-008,-7.297097e-009,-0.9999999,0,0.9999999,-3.748174e-008,-6.849091e-008,0,0.06598802,-2.302966e-009,4.772323e-009,1</TM>
			</PRIMITIVE>
		</GEOMETRY>
		<GEOMETRY id="bip01 l upperarm">
			<PRIMITIVE id="bip01 l upperarm_1" type="sphyl">
				<RADIUS>0.07148936</RADIUS>
				<HEIGHT>0.3245791</HEIGHT>
				<TM>3.687709e-008,0.1246545,-0.9922001,0,-2.912814e-008,0.9922001,0.1246546,0,0.9999998,6.611108e-008,-1.633577e-007,0,0.1622896,1.744083e-008,-6.380657e-008,1</TM>
			</PRIMITIVE>
		</GEOMETRY>
		<GEOMETRY id="bip01 neck">
			<PRIMITIVE id="Part16" type="sphere">
				<RADIUS>0.1225532</RADIUS>
				<TM>1,0,0,0,0,1,0,0,0,0,1,0,0.1634043,0,0,1</TM>
			</PRIMITIVE>
		</GEOMETRY>
		<GEOMETRY id="bip01 pelvis">
			<PRIMITIVE id="bip01 pelvis_1" type="sphere">
				<RADIUS>0.1327659</RADIUS>
				<TM>1,0,0,0,0,1,0,0,0,0,1,0,0.02944162,-0.01465841,0.01452879,1</TM>
			</PRIMITIVE>
		</GEOMETRY>
		<GEOMETRY id="bip01 r calf">
			<PRIMITIVE id="bip01 r calf_1" type="sphyl">
				<RADIUS>0.1056409</RADIUS>
				<HEIGHT>0.5555534</HEIGHT>
				<TM>-1.942547e-008,-0.9999999,0.0003584181,0,-6.108246e-008,-0.0003584186,-0.9999999,0,0.9999999,-2.088195e-008,-6.833996e-008,0,0.2777767,-1.239516e-008,-1.553036e-008,1</TM>
			</PRIMITIVE>
		</GEOMETRY>
		<GEOMETRY id="bip01 r clavicle">
			<PRIMITIVE id="bip01 r clavicle_1" type="sphere">
				<RADIUS>0.06418667</RADIUS>
				<TM>1,0,0,0,0,1,0,0,0,0,1,0,0.1021735,0.007209412,-0.0323388,1</TM>
			</PRIMITIVE>
		</GEOMETRY>
		<GEOMETRY id="bip01 r foot">
			<PRIMITIVE id="bip01 r foot_1" type="sphyl">
				<RADIUS>0.07125454</RADIUS>
				<HEIGHT>0.2309975</HEIGHT>
				<TM>-0.6935193,-0.720438,1.108788e-006,0,-7.989491e-007,-7.408161e-007,-1,0,0.7204381,-0.6935194,-7.92656e-008,0,0.08320969,-0.08010063,-1.561751e-008,1</TM>
			</PRIMITIVE>
		</GEOMETRY>
		<GEOMETRY id="bip01 r forearm">
			<PRIMITIVE id="bip01 r forearm_1" type="sphyl">
				<RADIUS>0.06014941</RADIUS>
				<HEIGHT>0.2992329</HEIGHT>
				<TM>3.802473e-008,-0.1267436,-0.9919355,0,-4.871519e-008,0.9919356,-0.1267436,0,0.9999999,1.584893e-007,1.909618e-007,0,0.1496165,2.439306e-008,1.11329e-007,1</TM>
			</PRIMITIVE>
		</GEOMETRY>
		<GEOMETRY id="bip01 r hand">
			<PRIMITIVE id="bip01 r hand_1" type="sphere">
				<RADIUS>0.0608464</RADIUS>
				<TM>1,0,0,0,0,1,0,0,0,0,1,0,0.05309197,0.006783073,0.007647551,1</TM>
			</PRIMITIVE>
		</GEOMETRY>
		<GEOMETRY id="bip01 r thigh">
			<PRIMITIVE id="bip01 r thigh_1" type="sphyl">
				<RADIUS>0.1092021</RADIUS>
				<HEIGHT>0.5319178</HEIGHT>
				<TM>2.50519e-008,0.01509614,0.999886,0,3.602096e-009,-0.999886,0.01509614,0,1,4.565086e-009,-3.947015e-008,0,0.2659589,1.511184e-009,-8.801105e-009,1</TM>
			</PRIMITIVE>
		</GEOMETRY>
		<GEOMETRY id="bip01 r toe0">
			<PRIMITIVE id="bip01 r toe0_1" type="sphyl">
				<RADIUS>0.05876916</RADIUS>
				<HEIGHT>0.1319761</HEIGHT>
				<TM>3.166533e-008,-0.9999999,3.686576e-008,0,-6.720747e-008,-9.74316e-009,-1,0,0.9999999,1.452813e-008,-6.418311e-008,0,0.06598803,1.28638e-009,5.688863e-009,1</TM>
			</PRIMITIVE>
		</GEOMETRY>
		<GEOMETRY id="bip01 r upperarm">
			<PRIMITIVE id="bip01 r upperarm_1" type="sphyl">
				<RADIUS>0.06290361</RADIUS>
				<HEIGHT>0.3245791</HEIGHT>
				<TM>2.612272e-008,-0.1246562,-0.9922,0,6.817613e-009,0.9922001,-0.1246562,0,0.9999999,3.842975e-008,1.952376e-007,0,0.1622896,1.641898e-008,1.201728e-007,1</TM>
			</PRIMITIVE>
		</GEOMETRY>
		<GEOMETRY id="bip01 spine">
			<PRIMITIVE id="bip01 spine_1" type="sphyl">
				<RADIUS>0.09345179</RADIUS>
				<HEIGHT>0.1379222</HEIGHT>
				<TM>-0.0007775503,0.9999998,-1.326302e-006,0,2.620832e-008,1.326661e-006,0.9999999,0,0.9999998,0.0007775503,-2.459785e-008,0,0.06896109,5.362639e-005,-1.679554e-009,1</TM>
			</PRIMITIVE>
		</GEOMETRY>
		<GEOMETRY id="bip01 spine1">
			<PRIMITIVE id="bip01 spine1_1" type="sphyl">
				<RADIUS>0.1374209</RADIUS>
				<HEIGHT>0.173617</HEIGHT>
				<TM>-0.0007482012,0.9999998,-1.306166e-006,0,-1.656899e-008,1.305912e-006,0.9999999,0,0.9999997,0.000748198,1.824455e-008,0,0.1098054,5.159806e-005,1.280532e-009,1</TM>
			</PRIMITIVE>
		</GEOMETRY>
		<GEOMETRY id="bip01 spine2">
			<PRIMITIVE id="bip01 spine2_1" type="sphyl">
				<RADIUS>0.09780234</RADIUS>
				<HEIGHT>0.1379732</HEIGHT>
				<TM>-0.0003914185,0.9999999,-1.400134e-006,0,3.637422e-008,1.399015e-006,0.9999999,0,0.9999999,0.0003914185,-3.451123e-008,0,0.06898662,2.69752e-005,-2.387767e-009,1</TM>
			</PRIMITIVE>
		</GEOMETRY>
		<MODEL id="bip01 l calf" type="dynamics_and_geometry" geometry="bip01 l calf">
			<DYNAMICS>
				<MASS>0.1255433</MASS>
				<DENSITY>1</DENSITY>
				<MASS_OFFSET>0.2777767,3.770519e-009,-3.535008e-009</MASS_OFFSET>
				<INERTIA>0.0007005431,-5.092675e-011,2.187727e-010,0.005436958,2.371975e-012,0.005436958</INERTIA>
				<LIN_DAMP>0</LIN_DAMP>
				<ANG_DAMP>2</ANG_DAMP>
				<FAST_SPIN>0,1,0</FAST_SPIN>
				<USE_FAST_SPIN>0</USE_FAST_SPIN>
			</DYNAMICS>
		</MODEL>
		<MODEL id="bip01 l clavicle" type="dynamics_only" geometry="bip01 l clavicle">
			<DYNAMICS>
				<MASS>0.005688846</MASS>
				<DENSITY>1</DENSITY>
				<MASS_OFFSET>0.1036099,0.007394475,0.03262728</MASS_OFFSET>
				<INERTIA>2.728347e-005,0,0,2.728347e-005,0,2.728347e-005</INERTIA>
				<LIN_DAMP>0</LIN_DAMP>
				<ANG_DAMP>2</ANG_DAMP>
				<FAST_SPIN>0,1,0</FAST_SPIN>
				<USE_FAST_SPIN>0</USE_FAST_SPIN>
			</DYNAMICS>
		</MODEL>
		<MODEL id="bip01 l forearm" type="dynamics_and_geometry" geometry="bip01 l forearm">
			<DYNAMICS>
				<MASS>0.03258001</MASS>
				<DENSITY>1</DENSITY>
				<MASS_OFFSET>0.1496164,1.877994e-008,-5.650818e-008</MASS_OFFSET>
				<INERTIA>8.325377e-005,-1.3068e-011,1.15852e-010,0.0004655482,-1.963376e-012,0.0004655482</INERTIA>
				<LIN_DAMP>0</LIN_DAMP>
				<ANG_DAMP>2</ANG_DAMP>
				<FAST_SPIN>0,1,0</FAST_SPIN>
				<USE_FAST_SPIN>0</USE_FAST_SPIN>
			</DYNAMICS>
		</MODEL>
		<MODEL id="bip01 l thigh" type="dynamics_and_geometry" geometry="bip01 l thigh">
			<DYNAMICS>
				<MASS>0.1463456</MASS>
				<DENSITY>1</DENSITY>
				<MASS_OFFSET>0.2659589,3.447687e-009,2.974823e-008</MASS_OFFSET>
				<INERTIA>0.0009673465,1.622699e-011,-2.372125e-010,0.006225777,2.30918e-011,0.006225777</INERTIA>
				<LIN_DAMP>0</LIN_DAMP>
				<ANG_DAMP>2</ANG_DAMP>
				<FAST_SPIN>0,1,0</FAST_SPIN>
				<USE_FAST_SPIN>0</USE_FAST_SPIN>
			</DYNAMICS>
		</MODEL>
		<MODEL id="bip01 l upperarm" type="dynamics_and_geometry" geometry="bip01 l upperarm">
			<DYNAMICS>
				<MASS>0.03466981</MASS>
				<DENSITY>1</DENSITY>
				<MASS_OFFSET>0.1622896,1.744083e-008,-6.380657e-008</MASS_OFFSET>
				<INERTIA>8.859396e-005,-7.635062e-012,-3.680038e-011,0.0005551381,5.265913e-011,0.0005551381</INERTIA>
				<LIN_DAMP>0</LIN_DAMP>
				<ANG_DAMP>2</ANG_DAMP>
				<FAST_SPIN>0,1,0</FAST_SPIN>
				<USE_FAST_SPIN>0</USE_FAST_SPIN>
			</DYNAMICS>
		</MODEL>
		<MODEL id="bip01 neck" type="dynamics_and_geometry" geometry="bip01 neck">
			<DYNAMICS>
				<MASS>0.08205068</MASS>
				<DENSITY>1</DENSITY>
				<MASS_OFFSET>0.1634043,0,0</MASS_OFFSET>
				<INERTIA>0.0002396222,0,0,0.0002396222,0,0.0002396222</INERTIA>
				<LIN_DAMP>0</LIN_DAMP>
				<ANG_DAMP>2</ANG_DAMP>
				<FAST_SPIN>0,1,0</FAST_SPIN>
				<USE_FAST_SPIN>0</USE_FAST_SPIN>
			</DYNAMICS>
		</MODEL>
		<MODEL id="bip01 pelvis" type="dynamics_and_geometry" geometry="bip01 pelvis">
			<DYNAMICS>
				<MASS>0.05033958</MASS>
				<DENSITY>1</DENSITY>
				<MASS_OFFSET>0.02944162,-0.01465841,0.01452879</MASS_OFFSET>
				<INERTIA>0.0003549303,0,0,0.0003549303,0,0.0003549303</INERTIA>
				<LIN_DAMP>0</LIN_DAMP>
				<ANG_DAMP>2</ANG_DAMP>
				<FAST_SPIN>0,1,0</FAST_SPIN>
				<USE_FAST_SPIN>0</USE_FAST_SPIN>
			</DYNAMICS>
		</MODEL>
		<MODEL id="bip01 r calf" type="dynamics_and_geometry" geometry="bip01 l calf">
			<DYNAMICS>
				<MASS>0.1255433</MASS>
				<DENSITY>1</DENSITY>
				<MASS_OFFSET>0.2777767,3.770519e-009,-3.535008e-009</MASS_OFFSET>
				<INERTIA>0.0007005431,-5.092675e-011,2.187727e-010,0.005436958,2.371975e-012,0.005436958</INERTIA>
				<LIN_DAMP>0</LIN_DAMP>
				<ANG_DAMP>2</ANG_DAMP>
				<FAST_SPIN>0,1,0</FAST_SPIN>
				<USE_FAST_SPIN>0</USE_FAST_SPIN>
			</DYNAMICS>
		</MODEL>
		<MODEL id="bip01 r clavicle" type="dynamics_only" geometry="bip01 r clavicle">
			<DYNAMICS>
				<MASS>0.005688846</MASS>
				<DENSITY>1</DENSITY>
